Point
Id=267
Name=some_name
X=0
Y=0
Z=0
TMtx=
0.001257 -1.000004 0.000000 -1.334534 
1.000004 0.001257 0.000000 0.388981 
0.000000 0.000000 1.000000 0.000000 
0.000000 0.000000 0.000000 1.000000 
Color=White

Point
Id=268
Name=some_name
X=0
Y=0
Z=0
TMtx=
0.001257 -1.000004 0.000000 -1.335636 
1.000004 0.001257 0.000000 0.395374 
0.000000 0.000000 1.000000 -0.000886 
0.000000 0.000000 0.000000 1.000000 
Color=White

Point
Id=269
Name=some_name
X=0
Y=0
Z=0
TMtx=
0.001257 -1.000004 0.000000 -1.319916 
1.000004 0.001257 0.000000 0.390377 
0.000000 0.000000 1.000000 0.002424 
0.000000 0.000000 0.000000 1.000000 
Color=White

Point
Id=270
Name=some_name
X=0
Y=0
Z=0
TMtx=
0.001257 -1.000004 0.000000 -1.317228 
1.000004 0.001257 0.000000 0.392609 
0.000000 0.000000 1.000000 -0.005576 
0.000000 0.000000 0.000000 1.000000 
Color=White

Point
Id=271
Name=some_name
X=0
Y=0
Z=0
TMtx=
0.001257 -1.000004 0.000000 -1.312449 
1.000004 0.001257 0.000000 0.392612 
0.000000 0.000000 1.000000 -0.000886 
0.000000 0.000000 0.000000 1.000000 
Color=White

Point
Id=272
Name=some_name
X=0
Y=0
Z=0
TMtx=
0.001257 -1.000004 0.000000 -1.321539 
1.000004 0.001257 0.000000 0.390006 
0.000000 0.000000 1.000000 0.000000 
0.000000 0.000000 0.000000 1.000000 
Color=White

Point
Id=273
Name=some_name
X=0
Y=0
Z=0
TMtx=
0.001257 -1.000004 0.000000 -1.312449 
1.000004 0.001257 0.000000 0.392612 
0.000000 0.000000 1.000000 0.000886 
0.000000 0.000000 0.000000 1.000000 
Color=White

Point
Id=274
Name=some_name
X=0
Y=0
Z=0
TMtx=
0.001257 -1.000004 0.000000 -1.326229 
1.000004 0.001257 0.000000 0.402609 
0.000000 0.000000 1.000000 0.005576 
0.000000 0.000000 0.000000 1.000000 
Color=White

Point
Id=275
Name=some_name
X=0
Y=0
Z=0
TMtx=
0.001257 -1.000004 0.000000 -1.319916 
1.000004 0.001257 0.000000 0.390377 
0.000000 0.000000 1.000000 -0.002424 
0.000000 0.000000 0.000000 1.000000 
Color=White

Point
Id=276
Name=some_name
X=0
Y=0
Z=0
TMtx=
0.001257 -1.000004 0.000000 -1.335636 
1.000004 0.001257 0.000000 0.395374 
0.000000 0.000000 1.000000 0.000886 
0.000000 0.000000 0.000000 1.000000 
Color=White

Point
Id=277
Name=some_name
X=0
Y=0
Z=0
TMtx=
0.001257 -1.000004 0.000000 -1.052203 
1.000004 0.001257 0.000000 0.207136 
0.000000 0.000000 1.000000 0.000000 
0.000000 0.000000 0.000000 1.000000 
Color=White

Point
Id=278
Name=some_name
X=0
Y=0
Z=0
TMtx=
0.001257 -1.000004 0.000000 -1.235296 
1.000004 0.001257 0.000000 0.317539 
0.000000 0.000000 1.000000 0.176114 
0.000000 0.000000 0.000000 1.000000 
Color=White

Point
Id=279
Name=some_name
X=0
Y=0
Z=0
TMtx=
0.001257 -1.000004 0.000000 -1.048522 
1.000004 0.001257 0.000000 0.274554 
0.000000 0.000000 1.000000 0.175425 
0.000000 0.000000 0.000000 1.000000 
Color=White

Point
Id=280
Name=some_name
X=0
Y=0
Z=0
TMtx=
0.001257 -1.000004 0.000000 -1.061833 
1.000004 0.001257 0.000000 0.594767 
0.000000 0.000000 1.000000 0.166425 
0.000000 0.000000 0.000000 1.000000 
Color=White

Point
Id=281
Name=some_name
X=0
Y=0
Z=0
TMtx=
0.001257 -1.000004 0.000000 -1.230109 
1.000004 0.001257 0.000000 0.583781 
0.000000 0.000000 1.000000 0.167114 
0.000000 0.000000 0.000000 1.000000 
Color=White

Point
Id=282
Name=some_name
X=0
Y=0
Z=0
TMtx=
0.001257 -1.000004 0.000000 -1.040207 
1.000004 0.001257 0.000000 0.651185 
0.000000 0.000000 1.000000 0.000000 
0.000000 0.000000 0.000000 1.000000 
Color=White

Point
Id=283
Name=some_name
X=0
Y=0
Z=0
TMtx=
0.001257 -1.000004 0.000000 -1.249110 
1.000004 0.001257 0.000000 0.583781 
0.000000 0.000000 1.000000 -0.167114 
0.000000 0.000000 0.000000 1.000000 
Color=White

Point
Id=284
Name=some_name
X=0
Y=0
Z=0
TMtx=
0.001257 -1.000004 0.000000 -1.061833 
1.000004 0.001257 0.000000 0.594767 
0.000000 0.000000 1.000000 -0.166425 
0.000000 0.000000 0.000000 1.000000 
Color=White

Point
Id=285
Name=some_name
X=0
Y=0
Z=0
TMtx=
0.001257 -1.000004 0.000000 -1.048522 
1.000004 0.001257 0.000000 0.274554 
0.000000 0.000000 1.000000 -0.175425 
0.000000 0.000000 0.000000 1.000000 
Color=White

Point
Id=286
Name=some_name
X=0
Y=0
Z=0
TMtx=
0.001257 -1.000004 0.000000 -1.235296 
1.000004 0.001257 0.000000 0.317539 
0.000000 0.000000 1.000000 -0.176114 
0.000000 0.000000 0.000000 1.000000 
Color=White

Point
Id=287
Name=some_name
X=0
Y=0
Z=0
TMtx=
0.001257 -1.000004 0.000000 -0.599837 
1.000004 0.001257 0.000000 0.096321 
0.000000 0.000000 1.000000 0.000000 
0.000000 0.000000 0.000000 1.000000 
Color=White

Point
Id=288
Name=some_name
X=0
Y=0
Z=0
TMtx=
0.001257 -1.000004 0.000000 -0.571923 
1.000004 0.001257 0.000000 0.170722 
0.000000 0.000000 1.000000 0.235114 
0.000000 0.000000 0.000000 1.000000 
Color=White

Point
Id=289
Name=some_name
X=0
Y=0
Z=0
TMtx=
0.001257 -1.000004 0.000000 -0.572165 
1.000004 0.001257 0.000000 0.274725 
0.000000 0.000000 1.000000 0.380423 
0.000000 0.000000 0.000000 1.000000 
Color=White

Point
Id=290
Name=some_name
X=0
Y=0
Z=0
TMtx=
0.001257 -1.000004 0.000000 -0.572477 
1.000004 0.001257 0.000000 0.521931 
0.000000 0.000000 1.000000 0.243425 
0.000000 0.000000 0.000000 1.000000 
Color=White

Point
Id=291
Name=some_name
X=0
Y=0
Z=0
TMtx=
0.001257 -1.000004 0.000000 -0.572737 
1.000004 0.001257 0.000000 0.790929 
0.000000 0.000000 1.000000 0.005114 
0.000000 0.000000 0.000000 1.000000 
Color=White

Point
Id=292
Name=some_name
X=0
Y=0
Z=0
TMtx=
0.001257 -1.000004 0.000000 -0.443843 
1.000004 0.001257 0.000000 0.784331 
0.000000 0.000000 1.000000 0.000000 
0.000000 0.000000 0.000000 1.000000 
Color=White

Point
Id=293
Name=some_name
X=0
Y=0
Z=0
TMtx=
0.001257 -1.000004 0.000000 -0.572737 
1.000004 0.001257 0.000000 0.790929 
0.000000 0.000000 1.000000 -0.002114 
0.000000 0.000000 0.000000 1.000000 
Color=White

Point
Id=294
Name=some_name
X=0
Y=0
Z=0
TMtx=
0.001257 -1.000004 0.000000 -0.572477 
1.000004 0.001257 0.000000 0.521931 
0.000000 0.000000 1.000000 -0.243425 
0.000000 0.000000 0.000000 1.000000 
Color=White

Point
Id=295
Name=some_name
X=0
Y=0
Z=0
TMtx=
0.001257 -1.000004 0.000000 -0.572165 
1.000004 0.001257 0.000000 0.274725 
0.000000 0.000000 1.000000 -0.263425 
0.000000 0.000000 0.000000 1.000000 
Color=White

Point
Id=296
Name=some_name
X=0
Y=0
Z=0
TMtx=
0.001257 -1.000004 0.000000 -0.571923 
1.000004 0.001257 0.000000 0.170722 
0.000000 0.000000 1.000000 -0.235114 
0.000000 0.000000 0.000000 1.000000 
Color=White

Point
Id=297
Name=some_name
X=0
Y=0
Z=0
TMtx=
0.001257 -1.000004 0.000000 -0.438492 
1.000004 0.001257 0.000000 0.078502 
0.000000 0.000000 1.000000 0.000000 
0.000000 0.000000 0.000000 1.000000 
Color=White

Point
Id=298
Name=some_name
X=0
Y=0
Z=0
TMtx=
0.001257 -1.000004 0.000000 -0.438592 
1.000004 0.001257 0.000000 0.182891 
0.000000 0.000000 1.000000 0.235114 
0.000000 0.000000 0.000000 1.000000 
Color=White

Point
Id=299
Name=some_name
X=0
Y=0
Z=0
TMtx=
0.001257 -1.000004 0.000000 -0.438870 
1.000004 0.001257 0.000000 0.274883 
0.000000 0.000000 1.000000 0.274424 
0.000000 0.000000 0.000000 1.000000 
Color=White

Point
Id=300
Name=some_name
X=0
Y=0
Z=0
TMtx=
0.001257 -1.000004 0.000000 -0.439181 
1.000004 0.001257 0.000000 0.522108 
0.000000 0.000000 1.000000 0.380423 
0.000000 0.000000 0.000000 1.000000 
Color=White

Point
Id=301
Name=some_name
X=0
Y=0
Z=0
TMtx=
0.001257 -1.000004 0.000000 -0.439406 
1.000004 0.001257 0.000000 0.781097 
0.000000 0.000000 1.000000 0.005114 
0.000000 0.000000 0.000000 1.000000 
Color=White

Point
Id=302
Name=some_name
X=0
Y=0
Z=0
TMtx=
0.001257 -1.000004 0.000000 -0.439497 
1.000004 0.001257 0.000000 0.798486 
0.000000 0.000000 1.000000 0.000000 
0.000000 0.000000 0.000000 1.000000 
Color=White

Point
Id=303
Name=some_name
X=0
Y=0
Z=0
TMtx=
0.001257 -1.000004 0.000000 -0.439406 
1.000004 0.001257 0.000000 0.782097 
0.000000 0.000000 1.000000 -0.005114 
0.000000 0.000000 0.000000 1.000000 
Color=White

Point
Id=304
Name=some_name
X=0
Y=0
Z=0
TMtx=
0.001257 -1.000004 0.000000 -0.439181 
1.000004 0.001257 0.000000 0.522108 
0.000000 0.000000 1.000000 -0.380423 
0.000000 0.000000 0.000000 1.000000 
Color=White

Point
Id=305
Name=some_name
X=0
Y=0
Z=0
TMtx=
0.001257 -1.000004 0.000000 -0.438870 
1.000004 0.001257 0.000000 0.274883 
0.000000 0.000000 1.000000 -0.274424 
0.000000 0.000000 0.000000 1.000000 
Color=White

Point
Id=306
Name=some_name
X=0
Y=0
Z=0
TMtx=
0.001257 -1.000004 0.000000 -0.438592 
1.000004 0.001257 0.000000 0.182891 
0.000000 0.000000 1.000000 -0.235114 
0.000000 0.000000 0.000000 1.000000 
Color=White

Point
Id=307
Name=some_name
X=0
Y=0
Z=0
TMtx=
0.001257 -1.000004 0.000000 -0.305170 
1.000004 0.001257 0.000000 0.082650 
0.000000 0.000000 1.000000 0.000000 
0.000000 0.000000 0.000000 1.000000 
Color=White

Point
Id=308
Name=some_name
X=0
Y=0
Z=0
TMtx=
0.001257 -1.000004 0.000000 -0.305275 
1.000004 0.001257 0.000000 0.189038 
0.000000 0.000000 1.000000 0.235114 
0.000000 0.000000 0.000000 1.000000 
Color=White

Point
Id=309
Name=some_name
X=0
Y=0
Z=0
TMtx=
0.001257 -1.000004 0.000000 -0.305507 
1.000004 0.001257 0.000000 0.275060 
0.000000 0.000000 1.000000 0.259425 
0.000000 0.000000 0.000000 1.000000 
Color=White

Point
Id=310
Name=some_name
X=0
Y=0
Z=0
TMtx=
0.001257 -1.000004 0.000000 -0.305818 
1.000004 0.001257 0.000000 0.522266 
0.000000 0.000000 1.000000 0.380423 
0.000000 0.000000 0.000000 1.000000 
Color=White

Point
Id=311
Name=some_name
X=0
Y=0
Z=0
TMtx=
0.001257 -1.000004 0.000000 -0.306088 
1.000004 0.001257 0.000000 0.792284 
0.000000 0.000000 1.000000 0.004114 
0.000000 0.000000 0.000000 1.000000 
Color=White

Point
Id=312
Name=some_name
X=0
Y=0
Z=0
TMtx=
0.001257 -1.000004 0.000000 -0.444174 
1.000004 0.001257 0.000000 0.798672 
0.000000 0.000000 1.000000 0.000000 
0.000000 0.000000 0.000000 1.000000 
Color=White

Point
Id=313
Name=some_name
X=0
Y=0
Z=0
TMtx=
0.001257 -1.000004 0.000000 -0.306088 
1.000004 0.001257 0.000000 0.792284 
0.000000 0.000000 1.000000 -0.004114 
0.000000 0.000000 0.000000 1.000000 
Color=White

Point
Id=314
Name=some_name
X=0
Y=0
Z=0
TMtx=
0.001257 -1.000004 0.000000 -0.305818 
1.000004 0.001257 0.000000 0.522266 
0.000000 0.000000 1.000000 -0.380423 
0.000000 0.000000 0.000000 1.000000 
Color=White

Point
Id=315
Name=some_name
X=0
Y=0
Z=0
TMtx=
0.001257 -1.000004 0.000000 -0.305507 
1.000004 0.001257 0.000000 0.275060 
0.000000 0.000000 1.000000 -0.259425 
0.000000 0.000000 0.000000 1.000000 
Color=White

Point
Id=316
Name=some_name
X=0
Y=0
Z=0
TMtx=
0.001257 -1.000004 0.000000 -0.305275 
1.000004 0.001257 0.000000 0.177038 
0.000000 0.000000 1.000000 -0.235114 
0.000000 0.000000 0.000000 1.000000 
Color=White

Point
Id=317
Name=some_name
X=0
Y=0
Z=0
TMtx=
0.001257 -1.000004 0.000000 -0.171837 
1.000004 0.001257 0.000000 0.076809 
0.000000 0.000000 1.000000 0.000000 
0.000000 0.000000 0.000000 1.000000 
Color=White

Point
Id=318
Name=some_name
X=0
Y=0
Z=0
TMtx=
0.001257 -1.000004 0.000000 -0.171930 
1.000004 0.001257 0.000000 0.182216 
0.000000 0.000000 1.000000 0.235114 
0.000000 0.000000 0.000000 1.000000 
Color=White

Point
Id=319
Name=some_name
X=0
Y=0
Z=0
TMtx=
0.001257 -1.000004 0.000000 -0.172182 
1.000004 0.001257 0.000000 0.275221 
0.000000 0.000000 1.000000 0.261425 
0.000000 0.000000 0.000000 1.000000 
Color=White

Point
Id=320
Name=some_name
X=0
Y=0
Z=0
TMtx=
0.001257 -1.000004 0.000000 -0.172494 
1.000004 0.001257 0.000000 0.522441 
0.000000 0.000000 1.000000 0.380423 
0.000000 0.000000 0.000000 1.000000 
Color=White

Point
Id=321
Name=some_name
X=0
Y=0
Z=0
TMtx=
0.001257 -1.000004 0.000000 -0.172743 
1.000004 0.001257 0.000000 0.790442 
0.000000 0.000000 1.000000 0.003114 
0.000000 0.000000 0.000000 1.000000 
Color=White

Point
Id=322
Name=some_name
X=0
Y=0
Z=0
TMtx=
0.001257 -1.000004 0.000000 -0.300842 
1.000004 0.001257 0.000000 0.795849 
0.000000 0.000000 1.000000 0.000000 
0.000000 0.000000 0.000000 1.000000 
Color=White

Point
Id=323
Name=some_name
X=0
Y=0
Z=0
TMtx=
0.001257 -1.000004 0.000000 -0.172743 
1.000004 0.001257 0.000000 0.790442 
0.000000 0.000000 1.000000 -0.003114 
0.000000 0.000000 0.000000 1.000000 
Color=White

Point
Id=324
Name=some_name
X=0
Y=0
Z=0
TMtx=
0.001257 -1.000004 0.000000 -0.172494 
1.000004 0.001257 0.000000 0.522441 
0.000000 0.000000 1.000000 -0.380423 
0.000000 0.000000 0.000000 1.000000 
Color=White

Point
Id=325
Name=some_name
X=0
Y=0
Z=0
TMtx=
0.001257 -1.000004 0.000000 -0.172182 
1.000004 0.001257 0.000000 0.275221 
0.000000 0.000000 1.000000 -0.261425 
0.000000 0.000000 0.000000 1.000000 
Color=White

Point
Id=326
Name=some_name
X=0
Y=0
Z=0
TMtx=
0.001257 -1.000004 0.000000 -0.171930 
1.000004 0.001257 0.000000 0.182216 
0.000000 0.000000 1.000000 -0.235114 
0.000000 0.000000 0.000000 1.000000 
Color=White

Point
Id=327
Name=some_name
X=0
Y=0
Z=0
TMtx=
0.001257 -1.000004 0.000000 -0.038496 
1.000004 0.001257 0.000000 0.073970 
0.000000 0.000000 1.000000 0.000000 
0.000000 0.000000 0.000000 1.000000 
Color=White

Point
Id=328
Name=some_name
X=0
Y=0
Z=0
TMtx=
0.001257 -1.000004 0.000000 -0.038593 
1.000004 0.001257 0.000000 0.195391 
0.000000 0.000000 1.000000 0.235114 
0.000000 0.000000 0.000000 1.000000 
Color=White

Point
Id=329
Name=some_name
X=0
Y=0
Z=0
TMtx=
0.001257 -1.000004 0.000000 -0.038844 
1.000004 0.001257 0.000000 0.275389 
0.000000 0.000000 1.000000 0.253425 
0.000000 0.000000 0.000000 1.000000 
Color=White

Point
Id=330
Name=some_name
X=0
Y=0
Z=0
TMtx=
0.001257 -1.000004 0.000000 -0.039156 
1.000004 0.001257 0.000000 0.522608 
0.000000 0.000000 1.000000 0.260425 
0.000000 0.000000 0.000000 1.000000 
Color=White

Point
Id=331
Name=some_name
X=0
Y=0
Z=0
TMtx=
0.001257 -1.000004 0.000000 -0.039407 
1.000004 0.001257 0.000000 0.788603 
0.000000 0.000000 1.000000 -0.001886 
0.000000 0.000000 0.000000 1.000000 
Color=White

Point
Id=332
Name=some_name
X=0
Y=0
Z=0
TMtx=
0.001257 -1.000004 0.000000 -0.039504 
1.000004 0.001257 0.000000 0.799023 
0.000000 0.000000 1.000000 0.000000 
0.000000 0.000000 0.000000 1.000000 
Color=White

Point
Id=333
Name=some_name
X=0
Y=0
Z=0
TMtx=
0.001257 -1.000004 0.000000 -0.039407 
1.000004 0.001257 0.000000 0.788603 
0.000000 0.000000 1.000000 0.001886 
0.000000 0.000000 0.000000 1.000000 
Color=White

Point
Id=334
Name=some_name
X=0
Y=0
Z=0
TMtx=
0.001257 -1.000004 0.000000 -0.039156 
1.000004 0.001257 0.000000 0.522608 
0.000000 0.000000 1.000000 -0.260425 
0.000000 0.000000 0.000000 1.000000 
Color=White

Point
Id=335
Name=some_name
X=0
Y=0
Z=0
TMtx=
0.001257 -1.000004 0.000000 -0.038844 
1.000004 0.001257 0.000000 0.275389 
0.000000 0.000000 1.000000 -0.253425 
0.000000 0.000000 0.000000 1.000000 
Color=White

Point
Id=336
Name=some_name
X=0
Y=0
Z=0
TMtx=
0.001257 -1.000004 0.000000 -0.038593 
1.000004 0.001257 0.000000 0.182391 
0.000000 0.000000 1.000000 -0.235114 
0.000000 0.000000 0.000000 1.000000 
Color=White

Point
Id=337
Name=some_name
X=0
Y=0
Z=0
TMtx=
0.001257 -1.000004 0.000000 0.094842 
1.000004 0.001257 0.000000 0.067145 
0.000000 0.000000 1.000000 0.000000 
0.000000 0.000000 0.000000 1.000000 
Color=White

Point
Id=338
Name=some_name
X=0
Y=0
Z=0
TMtx=
0.001257 -1.000004 0.000000 0.094743 
1.000004 0.001257 0.000000 0.189552 
0.000000 0.000000 1.000000 0.235114 
0.000000 0.000000 0.000000 1.000000 
Color=White

Point
Id=339
Name=some_name
X=0
Y=0
Z=0
TMtx=
0.001257 -1.000004 0.000000 0.094494 
1.000004 0.001257 0.000000 0.275556 
0.000000 0.000000 1.000000 0.243425 
0.000000 0.000000 0.000000 1.000000 
Color=White

Point
Id=340
Name=some_name
X=0
Y=0
Z=0
TMtx=
0.001257 -1.000004 0.000000 0.094182 
1.000004 0.001257 0.000000 0.522776 
0.000000 0.000000 1.000000 0.265424 
0.000000 0.000000 0.000000 1.000000 
Color=White

Point
Id=341
Name=some_name
X=0
Y=0
Z=0
TMtx=
0.001257 -1.000004 0.000000 0.093930 
1.000004 0.001257 0.000000 0.722778 
0.000000 0.000000 1.000000 0.235114 
0.000000 0.000000 0.000000 1.000000 
Color=White

Point
Id=342
Name=some_name
X=0
Y=0
Z=0
TMtx=
0.001257 -1.000004 0.000000 0.093837 
1.000004 0.001257 0.000000 0.799184 
0.000000 0.000000 1.000000 0.000000 
0.000000 0.000000 0.000000 1.000000 
Color=White

Point
Id=343
Name=some_name
X=0
Y=0
Z=0
TMtx=
0.001257 -1.000004 0.000000 0.093930 
1.000004 0.001257 0.000000 0.722778 
0.000000 0.000000 1.000000 -0.235114 
0.000000 0.000000 0.000000 1.000000 
Color=White

Point
Id=344
Name=some_name
X=0
Y=0
Z=0
TMtx=
0.001257 -1.000004 0.000000 0.094182 
1.000004 0.001257 0.000000 0.522776 
0.000000 0.000000 1.000000 -0.265424 
0.000000 0.000000 0.000000 1.000000 
Color=White

Point
Id=345
Name=some_name
X=0
Y=0
Z=0
TMtx=
0.001257 -1.000004 0.000000 0.094494 
1.000004 0.001257 0.000000 0.275556 
0.000000 0.000000 1.000000 -0.243425 
0.000000 0.000000 0.000000 1.000000 
Color=White

Point
Id=346
Name=some_name
X=0
Y=0
Z=0
TMtx=
0.001257 -1.000004 0.000000 0.094743 
1.000004 0.001257 0.000000 0.189551 
0.000000 0.000000 1.000000 -0.235114 
0.000000 0.000000 0.000000 1.000000 
Color=White

Point
Id=347
Name=some_name
X=0
Y=0
Z=0
TMtx=
0.001257 -1.000004 0.000000 0.335175 
1.000004 0.001257 0.000000 0.087322 
0.000000 0.000000 1.000000 0.000000 
0.000000 0.000000 0.000000 1.000000 
Color=White

Point
Id=348
Name=some_name
X=0
Y=0
Z=0
TMtx=
0.001257 -1.000004 0.000000 0.331087 
1.000004 0.001257 0.000000 0.189710 
0.000000 0.000000 1.000000 0.235114 
0.000000 0.000000 0.000000 1.000000 
Color=White

Point
Id=349
Name=some_name
X=0
Y=0
Z=0
TMtx=
0.001257 -1.000004 0.000000 0.344817 
1.000004 0.001257 0.000000 0.275730 
0.000000 0.000000 1.000000 0.234425 
0.000000 0.000000 0.000000 1.000000 
Color=White

Point
Id=350
Name=some_name
X=0
Y=0
Z=0
TMtx=
0.001257 -1.000004 0.000000 0.354506 
1.000004 0.001257 0.000000 0.522937 
0.000000 0.000000 1.000000 0.270424 
0.000000 0.000000 0.000000 1.000000 
Color=White

Point
Id=351
Name=some_name
X=0
Y=0
Z=0
TMtx=
0.001257 -1.000004 0.000000 0.352274 
1.000004 0.001257 0.000000 0.722956 
0.000000 0.000000 1.000000 0.235114 
0.000000 0.000000 0.000000 1.000000 
Color=White

Point
Id=352
Name=some_name
X=0
Y=0
Z=0
TMtx=
0.001257 -1.000004 0.000000 0.357169 
1.000004 0.001257 0.000000 0.799343 
0.000000 0.000000 1.000000 0.000000 
0.000000 0.000000 0.000000 1.000000 
Color=White

Point
Id=353
Name=some_name
X=0
Y=0
Z=0
TMtx=
0.001257 -1.000004 0.000000 0.352274 
1.000004 0.001257 0.000000 0.722956 
0.000000 0.000000 1.000000 -0.235114 
0.000000 0.000000 0.000000 1.000000 
Color=White

Point
Id=354
Name=some_name
X=0
Y=0
Z=0
TMtx=
0.001257 -1.000004 0.000000 0.354506 
1.000004 0.001257 0.000000 0.522937 
0.000000 0.000000 1.000000 -0.270424 
0.000000 0.000000 0.000000 1.000000 
Color=White

Point
Id=355
Name=some_name
X=0
Y=0
Z=0
TMtx=
0.001257 -1.000004 0.000000 0.344817 
1.000004 0.001257 0.000000 0.275730 
0.000000 0.000000 1.000000 -0.234425 
0.000000 0.000000 0.000000 1.000000 
Color=White

Point
Id=356
Name=some_name
X=0
Y=0
Z=0
TMtx=
0.001257 -1.000004 0.000000 0.331087 
1.000004 0.001257 0.000000 0.189709 
0.000000 0.000000 1.000000 -0.235114 
0.000000 0.000000 0.000000 1.000000 
Color=White

Point
Id=357
Name=some_name
X=0
Y=0
Z=0
TMtx=
0.001257 -1.000004 0.000000 0.601494 
1.000004 0.001257 0.000000 0.149507 
0.000000 0.000000 1.000000 0.000000 
0.000000 0.000000 0.000000 1.000000 
Color=White

Point
Id=358
Name=some_name
X=0
Y=0
Z=0
TMtx=
0.001257 -1.000004 0.000000 0.603403 
1.000004 0.001257 0.000000 0.195897 
0.000000 0.000000 1.000000 0.235114 
0.000000 0.000000 0.000000 1.000000 
Color=White

Point
Id=359
Name=some_name
X=0
Y=0
Z=0
TMtx=
0.001257 -1.000004 0.000000 0.605178 
1.000004 0.001257 0.000000 0.275889 
0.000000 0.000000 1.000000 0.254425 
0.000000 0.000000 0.000000 1.000000 
Color=White

Point
Id=360
Name=some_name
X=0
Y=0
Z=0
TMtx=
0.001257 -1.000004 0.000000 0.607867 
1.000004 0.001257 0.000000 0.523114 
0.000000 0.000000 1.000000 0.260425 
0.000000 0.000000 0.000000 1.000000 
Color=White

Point
Id=361
Name=some_name
X=0
Y=0
Z=0
TMtx=
0.001257 -1.000004 0.000000 0.600589 
1.000004 0.001257 0.000000 0.723103 
0.000000 0.000000 1.000000 0.235114 
0.000000 0.000000 0.000000 1.000000 
Color=White

Point
Id=362
Name=some_name
X=0
Y=0
Z=0
TMtx=
0.001257 -1.000004 0.000000 0.595490 
1.000004 0.001257 0.000000 0.799492 
0.000000 0.000000 1.000000 0.000000 
0.000000 0.000000 0.000000 1.000000 
Color=White

Point
Id=363
Name=some_name
X=0
Y=0
Z=0
TMtx=
0.001257 -1.000004 0.000000 0.600589 
1.000004 0.001257 0.000000 0.723103 
0.000000 0.000000 1.000000 -0.235114 
0.000000 0.000000 0.000000 1.000000 
Color=White

Point
Id=364
Name=some_name
X=0
Y=0
Z=0
TMtx=
0.001257 -1.000004 0.000000 0.607867 
1.000004 0.001257 0.000000 0.523114 
0.000000 0.000000 1.000000 -0.260425 
0.000000 0.000000 0.000000 1.000000 
Color=White

Point
Id=365
Name=some_name
X=0
Y=0
Z=0
TMtx=
0.001257 -1.000004 0.000000 0.605178 
1.000004 0.001257 0.000000 0.275889 
0.000000 0.000000 1.000000 -0.254425 
0.000000 0.000000 0.000000 1.000000 
Color=White

Point
Id=366
Name=some_name
X=0
Y=0
Z=0
TMtx=
0.001257 -1.000004 0.000000 0.603403 
1.000004 0.001257 0.000000 0.195897 
0.000000 0.000000 1.000000 -0.235114 
0.000000 0.000000 0.000000 1.000000 
Color=White

Point
Id=367
Name=some_name
X=0
Y=0
Z=0
TMtx=
0.001257 -1.000004 0.000000 0.855837 
1.000004 0.001257 0.000000 0.195662 
0.000000 0.000000 1.000000 0.000000 
0.000000 0.000000 0.000000 1.000000 
Color=White

Point
Id=368
Name=some_name
X=0
Y=0
Z=0
TMtx=
0.001257 -1.000004 0.000000 0.855734 
1.000004 0.001257 0.000000 0.122064 
0.000000 0.000000 1.000000 0.399112 
0.000000 0.000000 0.000000 1.000000 
Color=White

Point
Id=369
Name=some_name
X=0
Y=0
Z=0
TMtx=
0.001257 -1.000004 0.000000 0.851474 
1.000004 0.001257 0.000000 0.281066 
0.000000 0.000000 1.000000 0.245425 
0.000000 0.000000 0.000000 1.000000 
Color=White

Point
Id=370
Name=some_name
X=0
Y=0
Z=0
TMtx=
0.001257 -1.000004 0.000000 0.871162 
1.000004 0.001257 0.000000 0.523272 
0.000000 0.000000 1.000000 0.399423 
0.000000 0.000000 0.000000 1.000000 
Color=White

Point
Id=371
Name=some_name
X=0
Y=0
Z=0
TMtx=
0.001257 -1.000004 0.000000 0.901920 
1.000004 0.001257 0.000000 0.723272 
0.000000 0.000000 1.000000 0.244114 
0.000000 0.000000 0.000000 1.000000 
Color=White

Point
Id=372
Name=some_name
X=0
Y=0
Z=0
TMtx=
0.001257 -1.000004 0.000000 0.908832 
1.000004 0.001257 0.000000 0.799672 
0.000000 0.000000 1.000000 0.000000 
0.000000 0.000000 0.000000 1.000000 
Color=White

Point
Id=373
Name=some_name
X=0
Y=0
Z=0
TMtx=
0.001257 -1.000004 0.000000 0.901920 
1.000004 0.001257 0.000000 0.723272 
0.000000 0.000000 1.000000 -0.244114 
0.000000 0.000000 0.000000 1.000000 
Color=White

Point
Id=374
Name=some_name
X=0
Y=0
Z=0
TMtx=
0.001257 -1.000004 0.000000 0.871162 
1.000004 0.001257 0.000000 0.523272 
0.000000 0.000000 1.000000 -0.399423 
0.000000 0.000000 0.000000 1.000000 
Color=White

Point
Id=375
Name=some_name
X=0
Y=0
Z=0
TMtx=
0.001257 -1.000004 0.000000 0.851474 
1.000004 0.001257 0.000000 0.281066 
0.000000 0.000000 1.000000 -0.245425 
0.000000 0.000000 0.000000 1.000000 
Color=White

Point
Id=376
Name=some_name
X=0
Y=0
Z=0
TMtx=
0.001257 -1.000004 0.000000 0.855734 
1.000004 0.001257 0.000000 0.121064 
0.000000 0.000000 1.000000 -0.399112 
0.000000 0.000000 0.000000 1.000000 
Color=White

Point
Id=377
Name=some_name
X=0
Y=0
Z=0
TMtx=
0.001257 -1.000004 0.000000 1.022206 
1.000004 0.001257 0.000000 0.408809 
0.000000 0.000000 1.000000 0.017000 
0.000000 0.000000 0.000000 1.000000 
Color=White

Point
Id=378
Name=some_name
X=0
Y=0
Z=0
TMtx=
0.001257 -1.000004 0.000000 1.025101 
1.000004 0.001257 0.000000 0.421214 
0.000000 0.000000 1.000000 0.010114 
0.000000 0.000000 0.000000 1.000000 
Color=White

Point
Id=379
Name=some_name
X=0
Y=0
Z=0
TMtx=
0.001257 -1.000004 0.000000 1.021832 
1.000004 0.001257 0.000000 0.415227 
0.000000 0.000000 1.000000 0.002424 
0.000000 0.000000 0.000000 1.000000 
Color=White

Point
Id=380
Name=some_name
X=0
Y=0
Z=0
TMtx=
0.001257 -1.000004 0.000000 1.029522 
1.000004 0.001257 0.000000 0.414445 
0.000000 0.000000 1.000000 0.011424 
0.000000 0.000000 0.000000 1.000000 
Color=White

Point
Id=381
Name=some_name
X=0
Y=0
Z=0
TMtx=
0.001257 -1.000004 0.000000 1.031287 
1.000004 0.001257 0.000000 0.422458 
0.000000 0.000000 1.000000 0.003114 
0.000000 0.000000 0.000000 1.000000 
Color=White

Point
Id=382
Name=some_name
X=0
Y=0
Z=0
TMtx=
0.001257 -1.000004 0.000000 1.030202 
1.000004 0.001257 0.000000 0.413862 
0.000000 0.000000 1.000000 -0.003000 
0.000000 0.000000 0.000000 1.000000 
Color=White

Point
Id=383
Name=some_name
X=0
Y=0
Z=0
TMtx=
0.001257 -1.000004 0.000000 1.029287 
1.000004 0.001257 0.000000 0.403459 
0.000000 0.000000 1.000000 0.013886 
0.000000 0.000000 0.000000 1.000000 
Color=White

Point
Id=384
Name=some_name
X=0
Y=0
Z=0
TMtx=
0.001257 -1.000004 0.000000 1.029522 
1.000004 0.001257 0.000000 0.412445 
0.000000 0.000000 1.000000 0.003576 
0.000000 0.000000 0.000000 1.000000 
Color=White

Point
Id=385
Name=some_name
X=0
Y=0
Z=0
TMtx=
0.001257 -1.000004 0.000000 1.027831 
1.000004 0.001257 0.000000 0.412227 
0.000000 0.000000 1.000000 0.006576 
0.000000 0.000000 0.000000 1.000000 
Color=White

Point
Id=386
Name=some_name
X=0
Y=0
Z=0
TMtx=
0.001257 -1.000004 0.000000 1.026100 
1.000004 0.001257 0.000000 0.406214 
0.000000 0.000000 1.000000 0.009886 
0.000000 0.000000 0.000000 1.000000 
Color=White

Point
Id=387
Name=some_name
X=0
Y=0
Z=0
TMtx=
0.001257 -1.000004 0.000000 1.024524 
1.000004 0.001257 0.000000 0.416990 
0.000000 0.000000 1.000000 0.000000 
0.000000 0.000000 0.000000 1.000000 
Color=White

Point
Id=388
Name=some_name
X=0
Y=0
Z=0
TMtx=
0.001257 -1.000004 0.000000 1.033436 
1.000004 0.001257 0.000000 0.406384 
0.000000 0.000000 1.000000 0.017114 
0.000000 0.000000 0.000000 1.000000 
Color=White

Point
Id=389
Name=some_name
X=0
Y=0
Z=0
TMtx=
0.001257 -1.000004 0.000000 1.025214 
1.000004 0.001257 0.000000 0.410389 
0.000000 0.000000 1.000000 0.016424 
0.000000 0.000000 0.000000 1.000000 
Color=White

Point
Id=390
Name=some_name
X=0
Y=0
Z=0
TMtx=
0.001257 -1.000004 0.000000 1.019901 
1.000004 0.001257 0.000000 0.412619 
0.000000 0.000000 1.000000 0.008424 
0.000000 0.000000 0.000000 1.000000 
Color=White

Point
Id=391
Name=some_name
X=0
Y=0
Z=0
TMtx=
0.001257 -1.000004 0.000000 1.014621 
1.000004 0.001257 0.000000 0.405622 
0.000000 0.000000 1.000000 0.016114 
0.000000 0.000000 0.000000 1.000000 
Color=White

Point
Id=392
Name=some_name
X=0
Y=0
Z=0
TMtx=
0.001257 -1.000004 0.000000 1.020519 
1.000004 0.001257 0.000000 0.415017 
0.000000 0.000000 1.000000 0.000000 
0.000000 0.000000 0.000000 1.000000 
Color=White

Point
Id=393
Name=some_name
X=0
Y=0
Z=0
TMtx=
0.001257 -1.000004 0.000000 1.026622 
1.000004 0.001257 0.000000 0.412622 
0.000000 0.000000 1.000000 -0.005114 
0.000000 0.000000 0.000000 1.000000 
Color=White

Point
Id=394
Name=some_name
X=0
Y=0
Z=0
TMtx=
0.001257 -1.000004 0.000000 1.028901 
1.000004 0.001257 0.000000 0.414619 
0.000000 0.000000 1.000000 -0.004424 
0.000000 0.000000 0.000000 1.000000 
Color=White

Point
Id=395
Name=some_name
X=0
Y=0
Z=0
TMtx=
0.001257 -1.000004 0.000000 1.024214 
1.000004 0.001257 0.000000 0.417388 
0.000000 0.000000 1.000000 -0.001424 
0.000000 0.000000 0.000000 1.000000 
Color=White

Point
Id=396
Name=some_name
X=0
Y=0
Z=0
TMtx=
0.001257 -1.000004 0.000000 1.016436 
1.000004 0.001257 0.000000 0.421384 
0.000000 0.000000 1.000000 0.005886 
0.000000 0.000000 0.000000 1.000000 
Color=White

Point
Id=498
Name=some_name
X=0
Y=0
Z=0
TMtx=
0.990552 0.137169 0.000000 0.735639 
-0.137169 0.990552 0.000000 -0.771611 
0.000000 0.000000 1.000000 0.005000 
0.000000 0.000000 0.000000 1.000000 
Color=White

Point
Id=499
Name=some_name
X=0
Y=0
Z=0
TMtx=
0.990552 0.137169 0.000000 0.740638 
-0.137169 0.990552 0.000000 -0.767938 
0.000000 0.000000 1.000000 0.002211 
0.000000 0.000000 0.000000 1.000000 
Color=White

Point
Id=500
Name=some_name
X=0
Y=0
Z=0
TMtx=
0.990552 0.137169 0.000000 0.736547 
-0.137169 0.990552 0.000000 -0.767398 
0.000000 0.000000 1.000000 0.002557 
0.000000 0.000000 0.000000 1.000000 
Color=White

Point
Id=501
Name=some_name
X=0
Y=0
Z=0
TMtx=
0.990552 0.137169 0.000000 0.743003 
-0.137169 0.990552 0.000000 -0.768539 
0.000000 0.000000 1.000000 0.011443 
0.000000 0.000000 0.000000 1.000000 
Color=White

Point
Id=502
Name=some_name
X=0
Y=0
Z=0
TMtx=
0.990552 0.137169 0.000000 0.745149 
-0.137169 0.990552 0.000000 -0.786351 
0.000000 0.000000 1.000000 0.017789 
0.000000 0.000000 0.000000 1.000000 
Color=White

Point
Id=503
Name=some_name
X=0
Y=0
Z=0
TMtx=
0.990552 0.137169 0.000000 0.737667 
-0.137169 0.990552 0.000000 -0.775338 
0.000000 0.000000 1.000000 0.000000 
0.000000 0.000000 0.000000 1.000000 
Color=White

Point
Id=504
Name=some_name
X=0
Y=0
Z=0
TMtx=
0.990552 0.137169 0.000000 0.737537 
-0.137169 0.990552 0.000000 -0.767326 
0.000000 0.000000 1.000000 0.008211 
0.000000 0.000000 0.000000 1.000000 
Color=White

Point
Id=505
Name=some_name
X=0
Y=0
Z=0
TMtx=
0.990552 0.137169 0.000000 0.733320 
-0.137169 0.990552 0.000000 -0.771969 
0.000000 0.000000 1.000000 -0.000443 
0.000000 0.000000 0.000000 1.000000 
Color=White

Point
Id=506
Name=some_name
X=0
Y=0
Z=0
TMtx=
0.990552 0.137169 0.000000 0.737862 
-0.137169 0.990552 0.000000 -0.766311 
0.000000 0.000000 1.000000 0.008443 
0.000000 0.000000 0.000000 1.000000 
Color=White

Point
Id=507
Name=some_name
X=0
Y=0
Z=0
TMtx=
0.990552 0.137169 0.000000 0.745396 
-0.137169 0.990552 0.000000 -0.765268 
0.000000 0.000000 1.000000 -0.006211 
0.000000 0.000000 0.000000 1.000000 
Color=White

Point
Id=508
Name=some_name
X=0
Y=0
Z=0
TMtx=
0.990552 0.137169 0.000000 0.920133 
-0.137169 0.990552 0.000000 -0.396859 
0.000000 0.000000 1.000000 0.000000 
0.000000 0.000000 0.000000 1.000000 
Color=White

Point
Id=509
Name=some_name
X=0
Y=0
Z=0
TMtx=
0.990552 0.137169 0.000000 0.783257 
-0.137169 0.990552 0.000000 -0.537812 
0.000000 0.000000 1.000000 0.190211 
0.000000 0.000000 0.000000 1.000000 
Color=White

Point
Id=510
Name=some_name
X=0
Y=0
Z=0
TMtx=
0.990552 0.137169 0.000000 0.395755 
-0.137169 0.990552 0.000000 -0.557484 
0.000000 0.000000 1.000000 0.117557 
0.000000 0.000000 0.000000 1.000000 
Color=White

Point
Id=511
Name=some_name
X=0
Y=0
Z=0
TMtx=
0.990552 0.137169 0.000000 0.395755 
-0.137169 0.990552 0.000000 -0.557484 
0.000000 0.000000 1.000000 -0.117557 
0.000000 0.000000 0.000000 1.000000 
Color=White

Point
Id=512
Name=some_name
X=0
Y=0
Z=0
TMtx=
0.990552 0.137169 0.000000 0.783257 
-0.137169 0.990552 0.000000 -0.537812 
0.000000 0.000000 1.000000 -0.190211 
0.000000 0.000000 0.000000 1.000000 
Color=White

Point
Id=513
Name=some_name
X=0
Y=0
Z=0
TMtx=
0.990552 0.137169 0.000000 0.900537 
-0.137169 0.990552 0.000000 -0.249354 
0.000000 0.000000 1.000000 0.000000 
0.000000 0.000000 0.000000 1.000000 
Color=White

Point
Id=514
Name=some_name
X=0
Y=0
Z=0
TMtx=
0.990552 0.137169 0.000000 0.763661 
-0.137169 0.990552 0.000000 -0.270308 
0.000000 0.000000 1.000000 0.190211 
0.000000 0.000000 0.000000 1.000000 
Color=White

Point
Id=515
Name=some_name
X=0
Y=0
Z=0
TMtx=
0.990552 0.137169 0.000000 0.628155 
-0.137169 0.990552 0.000000 -0.437977 
0.000000 0.000000 1.000000 0.117557 
0.000000 0.000000 0.000000 1.000000 
Color=White

Point
Id=516
Name=some_name
X=0
Y=0
Z=0
TMtx=
0.990552 0.137169 0.000000 0.628155 
-0.137169 0.990552 0.000000 -0.437977 
0.000000 0.000000 1.000000 -0.117557 
0.000000 0.000000 0.000000 1.000000 
Color=White

Point
Id=517
Name=some_name
X=0
Y=0
Z=0
TMtx=
0.990552 0.137169 0.000000 0.763661 
-0.137169 0.990552 0.000000 -0.270308 
0.000000 0.000000 1.000000 -0.190211 
0.000000 0.000000 0.000000 1.000000 
Color=White

Point
Id=518
Name=some_name
X=0
Y=0
Z=0
TMtx=
0.990552 0.137169 0.000000 0.880941 
-0.137169 0.990552 0.000000 -0.077846 
0.000000 0.000000 1.000000 0.000000 
0.000000 0.000000 0.000000 1.000000 
Color=White

Point
Id=519
Name=some_name
X=0
Y=0
Z=0
TMtx=
0.990552 0.137169 0.000000 0.744065 
-0.137169 0.990552 0.000000 -0.096801 
0.000000 0.000000 1.000000 0.190211 
0.000000 0.000000 0.000000 1.000000 
Color=White

Point
Id=520
Name=some_name
X=0
Y=0
Z=0
TMtx=
0.990552 0.137169 0.000000 0.491558 
-0.137169 0.990552 0.000000 -0.127474 
0.000000 0.000000 1.000000 0.117557 
0.000000 0.000000 0.000000 1.000000 
Color=White

Point
Id=521
Name=some_name
X=0
Y=0
Z=0
TMtx=
0.990552 0.137169 0.000000 0.491558 
-0.137169 0.990552 0.000000 -0.127474 
0.000000 0.000000 1.000000 -0.117557 
0.000000 0.000000 0.000000 1.000000 
Color=White

Point
Id=522
Name=some_name
X=0
Y=0
Z=0
TMtx=
0.990552 0.137169 0.000000 0.744065 
-0.137169 0.990552 0.000000 -0.096801 
0.000000 0.000000 1.000000 -0.190211 
0.000000 0.000000 0.000000 1.000000 
Color=White

Point
Id=523
Name=some_name
X=0
Y=0
Z=0
TMtx=
0.990552 0.137169 0.000000 0.861346 
-0.137169 0.990552 0.000000 0.063661 
0.000000 0.000000 1.000000 0.000000 
0.000000 0.000000 0.000000 1.000000 
Color=White

Point
Id=524
Name=some_name
X=0
Y=0
Z=0
TMtx=
0.990552 0.137169 0.000000 0.724470 
-0.137169 0.990552 0.000000 0.044706 
0.000000 0.000000 1.000000 0.190211 
0.000000 0.000000 0.000000 1.000000 
Color=White

Point
Id=525
Name=some_name
X=0
Y=0
Z=0
TMtx=
0.990552 0.137169 0.000000 0.408964 
-0.137169 0.990552 0.000000 0.014033 
0.000000 0.000000 1.000000 0.117557 
0.000000 0.000000 0.000000 1.000000 
Color=White

Point
Id=526
Name=some_name
X=0
Y=0
Z=0
TMtx=
0.990552 0.137169 0.000000 0.408964 
-0.137169 0.990552 0.000000 0.014033 
0.000000 0.000000 1.000000 -0.117557 
0.000000 0.000000 0.000000 1.000000 
Color=White

Point
Id=527
Name=some_name
X=0
Y=0
Z=0
TMtx=
0.990552 0.137169 0.000000 0.724470 
-0.137169 0.990552 0.000000 0.044706 
0.000000 0.000000 1.000000 -0.190211 
0.000000 0.000000 0.000000 1.000000 
Color=White

Point
Id=528
Name=some_name
X=0
Y=0
Z=0
TMtx=
0.990552 0.137169 0.000000 0.841750 
-0.137169 0.990552 0.000000 0.205169 
0.000000 0.000000 1.000000 0.000000 
0.000000 0.000000 0.000000 1.000000 
Color=White

Point
Id=529
Name=some_name
X=0
Y=0
Z=0
TMtx=
0.990552 0.137169 0.000000 0.706246 
-0.137169 0.990552 0.000000 0.176309 
0.000000 0.000000 1.000000 0.190211 
0.000000 0.000000 0.000000 1.000000 
Color=White

Point
Id=530
Name=some_name
X=0
Y=0
Z=0
TMtx=
0.990552 0.137169 0.000000 0.529370 
-0.137169 0.990552 0.000000 0.181541 
0.000000 0.000000 1.000000 0.117557 
0.000000 0.000000 0.000000 1.000000 
Color=White

Point
Id=531
Name=some_name
X=0
Y=0
Z=0
TMtx=
0.990552 0.137169 0.000000 0.529370 
-0.137169 0.990552 0.000000 0.155541 
0.000000 0.000000 1.000000 -0.117557 
0.000000 0.000000 0.000000 1.000000 
Color=White

Point
Id=532
Name=some_name
X=0
Y=0
Z=0
TMtx=
0.990552 0.137169 0.000000 0.706246 
-0.137169 0.990552 0.000000 0.176309 
0.000000 0.000000 1.000000 -0.190211 
0.000000 0.000000 0.000000 1.000000 
Color=White

Point
Id=533
Name=some_name
X=0
Y=0
Z=0
TMtx=
0.990552 0.137169 0.000000 0.822156 
-0.137169 0.990552 0.000000 0.346678 
0.000000 0.000000 1.000000 0.000000 
0.000000 0.000000 0.000000 1.000000 
Color=White

Point
Id=534
Name=some_name
X=0
Y=0
Z=0
TMtx=
0.990552 0.137169 0.000000 0.685278 
-0.137169 0.990552 0.000000 0.327724 
0.000000 0.000000 1.000000 0.190211 
0.000000 0.000000 0.000000 1.000000 
Color=White

Point
Id=535
Name=some_name
X=0
Y=0
Z=0
TMtx=
0.990552 0.137169 0.000000 0.463776 
-0.137169 0.990552 0.000000 0.297050 
0.000000 0.000000 1.000000 0.117557 
0.000000 0.000000 0.000000 1.000000 
Color=White

Point
Id=536
Name=some_name
X=0
Y=0
Z=0
TMtx=
0.990552 0.137169 0.000000 0.463776 
-0.137169 0.990552 0.000000 0.297050 
0.000000 0.000000 1.000000 -0.117557 
0.000000 0.000000 0.000000 1.000000 
Color=White

Point
Id=537
Name=some_name
X=0
Y=0
Z=0
TMtx=
0.990552 0.137169 0.000000 0.685278 
-0.137169 0.990552 0.000000 0.327724 
0.000000 0.000000 1.000000 -0.190211 
0.000000 0.000000 0.000000 1.000000 
Color=White

Point
Id=564
Name=some_name
X=0
Y=0
Z=0
TMtx=
0.989488 -0.144633 0.000000 -0.236288 
0.144633 0.989488 0.000000 -0.862892 
0.000000 0.000000 1.000000 0.000000 
0.000000 0.000000 0.000000 1.000000 
Color=White

Point
Id=565
Name=some_name
X=0
Y=0
Z=0
TMtx=
0.989488 -0.144633 0.000000 -0.512130 
0.144633 0.989488 0.000000 -0.868051 
0.000000 0.000000 1.000000 0.190211 
0.000000 0.000000 0.000000 1.000000 
Color=White

Point
Id=566
Name=some_name
X=0
Y=0
Z=0
TMtx=
0.989488 -0.144633 0.000000 -0.831437 
0.144633 0.989488 0.000000 -0.718304 
0.000000 0.000000 1.000000 0.117557 
0.000000 0.000000 0.000000 1.000000 
Color=White

Point
Id=567
Name=some_name
X=0
Y=0
Z=0
TMtx=
0.989488 -0.144633 0.000000 -0.831437 
0.144633 0.989488 0.000000 -0.718304 
0.000000 0.000000 1.000000 -0.117557 
0.000000 0.000000 0.000000 1.000000 
Color=White

Point
Id=568
Name=some_name
X=0
Y=0
Z=0
TMtx=
0.989488 -0.144633 0.000000 -0.512130 
0.144633 0.989488 0.000000 -0.868051 
0.000000 0.000000 1.000000 -0.190211 
0.000000 0.000000 0.000000 1.000000 
Color=White

Point
Id=569
Name=some_name
X=0
Y=0
Z=0
TMtx=
0.989488 -0.144633 0.000000 -0.265692 
0.144633 0.989488 0.000000 -0.663044 
0.000000 0.000000 1.000000 0.000000 
0.000000 0.000000 0.000000 1.000000 
Color=White

Point
Id=570
Name=some_name
X=0
Y=0
Z=0
TMtx=
0.989488 -0.144633 0.000000 -0.542117 
0.144633 0.989488 0.000000 -0.630723 
0.000000 0.000000 1.000000 0.190211 
0.000000 0.000000 0.000000 1.000000 
Color=White

Point
Id=571
Name=some_name
X=0
Y=0
Z=0
TMtx=
0.989488 -0.144633 0.000000 -0.700154 
0.144633 0.989488 0.000000 -0.684433 
0.000000 0.000000 1.000000 0.117557 
0.000000 0.000000 0.000000 1.000000 
Color=White

Point
Id=572
Name=some_name
X=0
Y=0
Z=0
TMtx=
0.989488 -0.144633 0.000000 -0.700154 
0.144633 0.989488 0.000000 -0.684433 
0.000000 0.000000 1.000000 -0.117557 
0.000000 0.000000 0.000000 1.000000 
Color=White

Point
Id=573
Name=some_name
X=0
Y=0
Z=0
TMtx=
0.989488 -0.144633 0.000000 -0.542117 
0.144633 0.989488 0.000000 -0.630723 
0.000000 0.000000 1.000000 -0.190211 
0.000000 0.000000 0.000000 1.000000 
Color=White

Point
Id=574
Name=some_name
X=0
Y=0
Z=0
TMtx=
0.989488 -0.144633 0.000000 -0.255349 
0.144633 0.989488 0.000000 -0.460913 
0.000000 0.000000 1.000000 0.000000 
0.000000 0.000000 0.000000 1.000000 
Color=White

Point
Id=575
Name=some_name
X=0
Y=0
Z=0
TMtx=
0.989488 -0.144633 0.000000 -0.444307 
0.144633 0.989488 0.000000 -0.493925 
0.000000 0.000000 1.000000 0.190211 
0.000000 0.000000 0.000000 1.000000 
Color=White

Point
Id=576
Name=some_name
X=0
Y=0
Z=0
TMtx=
0.989488 -0.144633 0.000000 -0.593202 
0.144633 0.989488 0.000000 -0.478226 
0.000000 0.000000 1.000000 0.117557 
0.000000 0.000000 0.000000 1.000000 
Color=White

Point
Id=577
Name=some_name
X=0
Y=0
Z=0
TMtx=
0.989488 -0.144633 0.000000 -0.593202 
0.144633 0.989488 0.000000 -0.478226 
0.000000 0.000000 1.000000 -0.117557 
0.000000 0.000000 0.000000 1.000000 
Color=White

Point
Id=578
Name=some_name
X=0
Y=0
Z=0
TMtx=
0.989488 -0.144633 0.000000 -0.444307 
0.144633 0.989488 0.000000 -0.493925 
0.000000 0.000000 1.000000 -0.190211 
0.000000 0.000000 0.000000 1.000000 
Color=White

Point
Id=579
Name=some_name
X=0
Y=0
Z=0
TMtx=
0.989488 -0.144633 0.000000 -0.235157 
0.144633 0.989488 0.000000 -0.274373 
0.000000 0.000000 1.000000 0.000000 
0.000000 0.000000 0.000000 1.000000 
Color=White

Point
Id=580
Name=some_name
X=0
Y=0
Z=0
TMtx=
0.989488 -0.144633 0.000000 -0.428607 
0.144633 0.989488 0.000000 -0.296628 
0.000000 0.000000 1.000000 0.190211 
0.000000 0.000000 0.000000 1.000000 
Color=White

Point
Id=581
Name=some_name
X=0
Y=0
Z=0
TMtx=
0.989488 -0.144633 0.000000 -0.489563 
0.144633 0.989488 0.000000 -0.287718 
0.000000 0.000000 1.000000 0.117557 
0.000000 0.000000 0.000000 1.000000 
Color=White

Point
Id=582
Name=some_name
X=0
Y=0
Z=0
TMtx=
0.989488 -0.144633 0.000000 -0.489563 
0.144633 0.989488 0.000000 -0.287718 
0.000000 0.000000 1.000000 -0.117557 
0.000000 0.000000 0.000000 1.000000 
Color=White

Point
Id=583
Name=some_name
X=0
Y=0
Z=0
TMtx=
0.989488 -0.144633 0.000000 -0.428607 
0.144633 0.989488 0.000000 -0.296628 
0.000000 0.000000 1.000000 -0.190211 
0.000000 0.000000 0.000000 1.000000 
Color=White

Point
Id=584
Name=some_name
X=0
Y=0
Z=0
TMtx=
0.989488 -0.144633 0.000000 -0.251871 
0.144633 0.989488 0.000000 -0.043024 
0.000000 0.000000 1.000000 0.000000 
0.000000 0.000000 0.000000 1.000000 
Color=White

Point
Id=585
Name=some_name
X=0
Y=0
Z=0
TMtx=
