Point
Id=172
Name=some_name
X=0
Y=0
Z=0
TMtx=
0.001257 -1.000004 0.000000 -1.052521 
1.000004 0.001257 0.000000 0.388981 
0.000000 0.000000 1.000000 0.000000 
0.000000 0.000000 0.000000 1.000000 
Color=White

Point
Id=173
Name=some_name
X=0
Y=0
Z=0
TMtx=
0.001257 -1.000004 0.000000 -1.066623 
1.000004 0.001257 0.000000 0.395374 
0.000000 0.000000 1.000000 -0.000886 
0.000000 0.000000 0.000000 1.000000 
Color=White

Point
Id=174
Name=some_name
X=0
Y=0
Z=0
TMtx=
0.001257 -1.000004 0.000000 -1.065904 
1.000004 0.001257 0.000000 0.390377 
0.000000 0.000000 1.000000 0.002424 
0.000000 0.000000 0.000000 1.000000 
Color=White

Point
Id=175
Name=some_name
X=0
Y=0
Z=0
TMtx=
0.001257 -1.000004 0.000000 -1.058216 
1.000004 0.001257 0.000000 0.392609 
0.000000 0.000000 1.000000 -0.005576 
0.000000 0.000000 0.000000 1.000000 
Color=White

Point
Id=176
Name=some_name
X=0
Y=0
Z=0
TMtx=
0.001257 -1.000004 0.000000 -1.058437 
1.000004 0.001257 0.000000 0.392612 
0.000000 0.000000 1.000000 -0.000886 
0.000000 0.000000 0.000000 1.000000 
Color=White

Point
Id=177
Name=some_name
X=0
Y=0
Z=0
TMtx=
0.001257 -1.000004 0.000000 -1.055527 
1.000004 0.001257 0.000000 0.390006 
0.000000 0.000000 1.000000 0.000000 
0.000000 0.000000 0.000000 1.000000 
Color=White

Point
Id=178
Name=some_name
X=0
Y=0
Z=0
TMtx=
0.001257 -1.000004 0.000000 -1.062437 
1.000004 0.001257 0.000000 0.392612 
0.000000 0.000000 1.000000 0.000886 
0.000000 0.000000 0.000000 1.000000 
Color=White

Point
Id=179
Name=some_name
X=0
Y=0
Z=0
TMtx=
0.001257 -1.000004 0.000000 -1.050216 
1.000004 0.001257 0.000000 0.402609 
0.000000 0.000000 1.000000 0.005576 
0.000000 0.000000 0.000000 1.000000 
Color=White

Point
Id=180
Name=some_name
X=0
Y=0
Z=0
TMtx=
0.001257 -1.000004 0.000000 -1.069904 
1.000004 0.001257 0.000000 0.390377 
0.000000 0.000000 1.000000 -0.002424 
0.000000 0.000000 0.000000 1.000000 
Color=White

Point
Id=181
Name=some_name
X=0
Y=0
Z=0
TMtx=
0.001257 -1.000004 0.000000 -1.067623 
1.000004 0.001257 0.000000 0.395374 
0.000000 0.000000 1.000000 0.000886 
0.000000 0.000000 0.000000 1.000000 
Color=White

Point
Id=182
Name=some_name
X=0
Y=0
Z=0
TMtx=
0.001257 -1.000004 0.000000 -1.052203 
1.000004 0.001257 0.000000 0.207136 
0.000000 0.000000 1.000000 0.000000 
0.000000 0.000000 0.000000 1.000000 
Color=White

Point
Id=183
Name=some_name
X=0
Y=0
Z=0
TMtx=
0.001257 -1.000004 0.000000 -1.042287 
1.000004 0.001257 0.000000 0.258540 
0.000000 0.000000 1.000000 0.176114 
0.000000 0.000000 0.000000 1.000000 
Color=White

Point
Id=184
Name=some_name
X=0
Y=0
Z=0
TMtx=
0.001257 -1.000004 0.000000 -1.048522 
1.000004 0.001257 0.000000 0.274554 
0.000000 0.000000 1.000000 0.175425 
0.000000 0.000000 0.000000 1.000000 
Color=White

Point
Id=185
Name=some_name
X=0
Y=0
Z=0
TMtx=
0.001257 -1.000004 0.000000 -1.031832 
1.000004 0.001257 0.000000 0.594767 
0.000000 0.000000 1.000000 0.099425 
0.000000 0.000000 0.000000 1.000000 
Color=White

Point
Id=186
Name=some_name
X=0
Y=0
Z=0
TMtx=
0.001257 -1.000004 0.000000 -1.037100 
1.000004 0.001257 0.000000 0.583781 
0.000000 0.000000 1.000000 0.102114 
0.000000 0.000000 0.000000 1.000000 
Color=White

Point
Id=187
Name=some_name
X=0
Y=0
Z=0
TMtx=
0.001257 -1.000004 0.000000 -1.040207 
1.000004 0.001257 0.000000 0.651185 
0.000000 0.000000 1.000000 0.000000 
0.000000 0.000000 0.000000 1.000000 
Color=White

Point
Id=188
Name=some_name
X=0
Y=0
Z=0
TMtx=
0.001257 -1.000004 0.000000 -1.070102 
1.000004 0.001257 0.000000 0.584781 
0.000000 0.000000 1.000000 -0.167114 
0.000000 0.000000 0.000000 1.000000 
Color=White

Point
Id=189
Name=some_name
X=0
Y=0
Z=0
TMtx=
0.001257 -1.000004 0.000000 -1.061833 
1.000004 0.001257 0.000000 0.594767 
0.000000 0.000000 1.000000 -0.166425 
0.000000 0.000000 0.000000 1.000000 
Color=White

Point
Id=190
Name=some_name
X=0
Y=0
Z=0
TMtx=
0.001257 -1.000004 0.000000 -1.048522 
1.000004 0.001257 0.000000 0.274554 
0.000000 0.000000 1.000000 -0.175425 
0.000000 0.000000 0.000000 1.000000 
Color=White

Point
Id=191
Name=some_name
X=0
Y=0
Z=0
TMtx=
0.001257 -1.000004 0.000000 -1.038287 
1.000004 0.001257 0.000000 0.272540 
0.000000 0.000000 1.000000 -0.176114 
0.000000 0.000000 0.000000 1.000000 
Color=White

Point
Id=192
Name=some_name
X=0
Y=0
Z=0
TMtx=
0.001257 -1.000004 0.000000 -0.599837 
1.000004 0.001257 0.000000 0.096321 
0.000000 0.000000 1.000000 0.000000 
0.000000 0.000000 0.000000 1.000000 
Color=White

Point
Id=193
Name=some_name
X=0
Y=0
Z=0
TMtx=
0.001257 -1.000004 0.000000 -0.571923 
1.000004 0.001257 0.000000 0.170722 
0.000000 0.000000 1.000000 0.235114 
0.000000 0.000000 0.000000 1.000000 
Color=White

Point
Id=194
Name=some_name
X=0
Y=0
Z=0
TMtx=
0.001257 -1.000004 0.000000 -0.572165 
1.000004 0.001257 0.000000 0.274725 
0.000000 0.000000 1.000000 0.380423 
0.000000 0.000000 0.000000 1.000000 
Color=White

Point
Id=195
Name=some_name
X=0
Y=0
Z=0
TMtx=
0.001257 -1.000004 0.000000 -0.572477 
1.000004 0.001257 0.000000 0.521931 
0.000000 0.000000 1.000000 0.243425 
0.000000 0.000000 0.000000 1.000000 
Color=White

Point
Id=196
Name=some_name
X=0
Y=0
Z=0
TMtx=
0.001257 -1.000004 0.000000 -0.572737 
1.000004 0.001257 0.000000 0.790929 
0.000000 0.000000 1.000000 0.005114 
0.000000 0.000000 0.000000 1.000000 
Color=White

Point
Id=197
Name=some_name
X=0
Y=0
Z=0
TMtx=
0.001257 -1.000004 0.000000 -0.443843 
1.000004 0.001257 0.000000 0.784331 
0.000000 0.000000 1.000000 0.000000 
0.000000 0.000000 0.000000 1.000000 
Color=White

Point
Id=198
Name=some_name
X=0
Y=0
Z=0
TMtx=
0.001257 -1.000004 0.000000 -0.572737 
1.000004 0.001257 0.000000 0.790929 
0.000000 0.000000 1.000000 -0.002114 
0.000000 0.000000 0.000000 1.000000 
Color=White

Point
Id=199
Name=some_name
X=0
Y=0
Z=0
TMtx=
0.001257 -1.000004 0.000000 -0.572477 
1.000004 0.001257 0.000000 0.521931 
0.000000 0.000000 1.000000 -0.243425 
0.000000 0.000000 0.000000 1.000000 
Color=White

Point
Id=200
Name=some_name
X=0
Y=0
Z=0
TMtx=
0.001257 -1.000004 0.000000 -0.572165 
1.000004 0.001257 0.000000 0.274725 
0.000000 0.000000 1.000000 -0.263425 
0.000000 0.000000 0.000000 1.000000 
Color=White

Point
Id=201
Name=some_name
X=0
Y=0
Z=0
TMtx=
0.001257 -1.000004 0.000000 -0.571923 
1.000004 0.001257 0.000000 0.170722 
0.000000 0.000000 1.000000 -0.235114 
0.000000 0.000000 0.000000 1.000000 
Color=White

Point
Id=202
Name=some_name
X=0
Y=0
Z=0
TMtx=
0.001257 -1.000004 0.000000 -0.438492 
1.000004 0.001257 0.000000 0.078502 
0.000000 0.000000 1.000000 0.000000 
0.000000 0.000000 0.000000 1.000000 
Color=White

Point
Id=203
Name=some_name
X=0
Y=0
Z=0
TMtx=
0.001257 -1.000004 0.000000 -0.438592 
1.000004 0.001257 0.000000 0.182891 
0.000000 0.000000 1.000000 0.235114 
0.000000 0.000000 0.000000 1.000000 
Color=White

Point
Id=204
Name=some_name
X=0
Y=0
Z=0
TMtx=
0.001257 -1.000004 0.000000 -0.438870 
1.000004 0.001257 0.000000 0.274883 
0.000000 0.000000 1.000000 0.274424 
0.000000 0.000000 0.000000 1.000000 
Color=White

Point
Id=205
Name=some_name
X=0
Y=0
Z=0
TMtx=
0.001257 -1.000004 0.000000 -0.439181 
1.000004 0.001257 0.000000 0.522108 
0.000000 0.000000 1.000000 0.380423 
0.000000 0.000000 0.000000 1.000000 
Color=White

Point
Id=206
Name=some_name
X=0
Y=0
Z=0
TMtx=
0.001257 -1.000004 0.000000 -0.439406 
1.000004 0.001257 0.000000 0.781097 
0.000000 0.000000 1.000000 0.005114 
0.000000 0.000000 0.000000 1.000000 
Color=White

Point
Id=207
Name=some_name
X=0
Y=0
Z=0
TMtx=
0.001257 -1.000004 0.000000 -0.439497 
1.000004 0.001257 0.000000 0.798486 
0.000000 0.000000 1.000000 0.000000 
0.000000 0.000000 0.000000 1.000000 
Color=White

Point
Id=208
Name=some_name
X=0
Y=0
Z=0
TMtx=
0.001257 -1.000004 0.000000 -0.439406 
1.000004 0.001257 0.000000 0.782097 
0.000000 0.000000 1.000000 -0.005114 
0.000000 0.000000 0.000000 1.000000 
Color=White

Point
Id=209
Name=some_name
X=0
Y=0
Z=0
TMtx=
0.001257 -1.000004 0.000000 -0.439181 
1.000004 0.001257 0.000000 0.522108 
0.000000 0.000000 1.000000 -0.380423 
0.000000 0.000000 0.000000 1.000000 
Color=White

Point
Id=210
Name=some_name
X=0
Y=0
Z=0
TMtx=
0.001257 -1.000004 0.000000 -0.438870 
1.000004 0.001257 0.000000 0.274883 
0.000000 0.000000 1.000000 -0.274424 
0.000000 0.000000 0.000000 1.000000 
Color=White

Point
Id=211
Name=some_name
X=0
Y=0
Z=0
TMtx=
0.001257 -1.000004 0.000000 -0.438592 
1.000004 0.001257 0.000000 0.182891 
0.000000 0.000000 1.000000 -0.235114 
0.000000 0.000000 0.000000 1.000000 
Color=White

Point
Id=212
Name=some_name
X=0
Y=0
Z=0
TMtx=
0.001257 -1.000004 0.000000 -0.305170 
1.000004 0.001257 0.000000 0.082650 
0.000000 0.000000 1.000000 0.000000 
0.000000 0.000000 0.000000 1.000000 
Color=White

Point
Id=213
Name=some_name
X=0
Y=0
Z=0
TMtx=
0.001257 -1.000004 0.000000 -0.305275 
1.000004 0.001257 0.000000 0.189038 
0.000000 0.000000 1.000000 0.235114 
0.000000 0.000000 0.000000 1.000000 
Color=White

Point
Id=214
Name=some_name
X=0
Y=0
Z=0
TMtx=
0.001257 -1.000004 0.000000 -0.305507 
1.000004 0.001257 0.000000 0.275060 
0.000000 0.000000 1.000000 0.259425 
0.000000 0.000000 0.000000 1.000000 
Color=White

Point
Id=215
Name=some_name
X=0
Y=0
Z=0
TMtx=
0.001257 -1.000004 0.000000 -0.305818 
1.000004 0.001257 0.000000 0.522266 
0.000000 0.000000 1.000000 0.380423 
0.000000 0.000000 0.000000 1.000000 
Color=White

Point
Id=216
Name=some_name
X=0
Y=0
Z=0
TMtx=
0.001257 -1.000004 0.000000 -0.306088 
1.000004 0.001257 0.000000 0.792284 
0.000000 0.000000 1.000000 0.004114 
0.000000 0.000000 0.000000 1.000000 
Color=White

Point
Id=217
Name=some_name
X=0
Y=0
Z=0
TMtx=
0.001257 -1.000004 0.000000 -0.444174 
1.000004 0.001257 0.000000 0.798672 
0.000000 0.000000 1.000000 0.000000 
0.000000 0.000000 0.000000 1.000000 
Color=White

Point
Id=218
Name=some_name
X=0
Y=0
Z=0
TMtx=
0.001257 -1.000004 0.000000 -0.306088 
1.000004 0.001257 0.000000 0.792284 
0.000000 0.000000 1.000000 -0.004114 
0.000000 0.000000 0.000000 1.000000 
Color=White

Point
Id=219
Name=some_name
X=0
Y=0
Z=0
TMtx=
0.001257 -1.000004 0.000000 -0.305818 
1.000004 0.001257 0.000000 0.522266 
0.000000 0.000000 1.000000 -0.380423 
0.000000 0.000000 0.000000 1.000000 
Color=White

Point
Id=220
Name=some_name
X=0
Y=0
Z=0
TMtx=
0.001257 -1.000004 0.000000 -0.305507 
1.000004 0.001257 0.000000 0.275060 
0.000000 0.000000 1.000000 -0.259425 
0.000000 0.000000 0.000000 1.000000 
Color=White

Point
Id=221
Name=some_name
X=0
Y=0
Z=0
TMtx=
0.001257 -1.000004 0.000000 -0.305275 
1.000004 0.001257 0.000000 0.177038 
0.000000 0.000000 1.000000 -0.235114 
0.000000 0.000000 0.000000 1.000000 
Color=White

Point
Id=222
Name=some_name
X=0
Y=0
Z=0
TMtx=
0.001257 -1.000004 0.000000 -0.171837 
1.000004 0.001257 0.000000 0.076809 
0.000000 0.000000 1.000000 0.000000 
0.000000 0.000000 0.000000 1.000000 
Color=White

Point
Id=223
Name=some_name
X=0
Y=0
Z=0
TMtx=
0.001257 -1.000004 0.000000 -0.171930 
1.000004 0.001257 0.000000 0.182216 
0.000000 0.000000 1.000000 0.235114 
0.000000 0.000000 0.000000 1.000000 
Color=White

Point
Id=224
Name=some_name
X=0
Y=0
Z=0
TMtx=
0.001257 -1.000004 0.000000 -0.172182 
1.000004 0.001257 0.000000 0.275221 
0.000000 0.000000 1.000000 0.261425 
0.000000 0.000000 0.000000 1.000000 
Color=White

Point
Id=225
Name=some_name
X=0
Y=0
Z=0
TMtx=
0.001257 -1.000004 0.000000 -0.172494 
1.000004 0.001257 0.000000 0.522441 
0.000000 0.000000 1.000000 0.380423 
0.000000 0.000000 0.000000 1.000000 
Color=White

Point
Id=226
Name=some_name
X=0
Y=0
Z=0
TMtx=
0.001257 -1.000004 0.000000 -0.172743 
1.000004 0.001257 0.000000 0.790442 
0.000000 0.000000 1.000000 0.003114 
0.000000 0.000000 0.000000 1.000000 
Color=White

Point
Id=227
Name=some_name
X=0
Y=0
Z=0
TMtx=
0.001257 -1.000004 0.000000 -0.300842 
1.000004 0.001257 0.000000 0.795849 
0.000000 0.000000 1.000000 0.000000 
0.000000 0.000000 0.000000 1.000000 
Color=White

Point
Id=228
Name=some_name
X=0
Y=0
Z=0
TMtx=
0.001257 -1.000004 0.000000 -0.172743 
1.000004 0.001257 0.000000 0.790442 
0.000000 0.000000 1.000000 -0.003114 
0.000000 0.000000 0.000000 1.000000 
Color=White

Point
Id=229
Name=some_name
X=0
Y=0
Z=0
TMtx=
0.001257 -1.000004 0.000000 -0.172494 
1.000004 0.001257 0.000000 0.522441 
0.000000 0.000000 1.000000 -0.380423 
0.000000 0.000000 0.000000 1.000000 
Color=White

Point
Id=230
Name=some_name
X=0
Y=0
Z=0
TMtx=
0.001257 -1.000004 0.000000 -0.172182 
1.000004 0.001257 0.000000 0.275221 
0.000000 0.000000 1.000000 -0.261425 
0.000000 0.000000 0.000000 1.000000 
Color=White

Point
Id=231
Name=some_name
X=0
Y=0
Z=0
TMtx=
0.001257 -1.000004 0.000000 -0.171930 
1.000004 0.001257 0.000000 0.182216 
0.000000 0.000000 1.000000 -0.235114 
0.000000 0.000000 0.000000 1.000000 
Color=White

Point
Id=232
Name=some_name
X=0
Y=0
Z=0
TMtx=
0.001257 -1.000004 0.000000 -0.038496 
1.000004 0.001257 0.000000 0.073970 
0.000000 0.000000 1.000000 0.000000 
0.000000 0.000000 0.000000 1.000000 
Color=White

Point
Id=233
Name=some_name
X=0
Y=0
Z=0
TMtx=
0.001257 -1.000004 0.000000 -0.038593 
1.000004 0.001257 0.000000 0.195391 
0.000000 0.000000 1.000000 0.235114 
0.000000 0.000000 0.000000 1.000000 
Color=White

Point
Id=234
Name=some_name
X=0
Y=0
Z=0
TMtx=
0.001257 -1.000004 0.000000 -0.038844 
1.000004 0.001257 0.000000 0.275389 
0.000000 0.000000 1.000000 0.253425 
0.000000 0.000000 0.000000 1.000000 
Color=White

Point
Id=235
Name=some_name
X=0
Y=0
Z=0
TMtx=
0.001257 -1.000004 0.000000 -0.039156 
1.000004 0.001257 0.000000 0.522608 
0.000000 0.000000 1.000000 0.260425 
0.000000 0.000000 0.000000 1.000000 
Color=White

Point
Id=236
Name=some_name
X=0
Y=0
Z=0
TMtx=
0.001257 -1.000004 0.000000 -0.039407 
1.000004 0.001257 0.000000 0.788603 
0.000000 0.000000 1.000000 -0.001886 
0.000000 0.000000 0.000000 1.000000 
Color=White

Point
Id=237
Name=some_name
X=0
Y=0
Z=0
TMtx=
0.001257 -1.000004 0.000000 -0.039504 
1.000004 0.001257 0.000000 0.799023 
0.000000 0.000000 1.000000 0.000000 
0.000000 0.000000 0.000000 1.000000 
Color=White

Point
Id=238
Name=some_name
X=0
Y=0
Z=0
TMtx=
0.001257 -1.000004 0.000000 -0.039407 
1.000004 0.001257 0.000000 0.788603 
0.000000 0.000000 1.000000 0.001886 
0.000000 0.000000 0.000000 1.000000 
Color=White

Point
Id=239
Name=some_name
X=0
Y=0
Z=0
TMtx=
0.001257 -1.000004 0.000000 -0.039156 
1.000004 0.001257 0.000000 0.522608 
0.000000 0.000000 1.000000 -0.260425 
0.000000 0.000000 0.000000 1.000000 
Color=White

Point
Id=240
Name=some_name
X=0
Y=0
Z=0
TMtx=
0.001257 -1.000004 0.000000 -0.038844 
1.000004 0.001257 0.000000 0.275389 
0.000000 0.000000 1.000000 -0.253425 
0.000000 0.000000 0.000000 1.000000 
Color=White

Point
Id=241
Name=some_name
X=0
Y=0
Z=0
TMtx=
0.001257 -1.000004 0.000000 -0.038593 
1.000004 0.001257 0.000000 0.182391 
0.000000 0.000000 1.000000 -0.235114 
0.000000 0.000000 0.000000 1.000000 
Color=White

Point
Id=242
Name=some_name
X=0
Y=0
Z=0
TMtx=
0.001257 -1.000004 0.000000 0.094842 
1.000004 0.001257 0.000000 0.067145 
0.000000 0.000000 1.000000 0.000000 
0.000000 0.000000 0.000000 1.000000 
Color=White

Point
Id=243
Name=some_name
X=0
Y=0
Z=0
TMtx=
0.001257 -1.000004 0.000000 0.094743 
1.000004 0.001257 0.000000 0.189552 
0.000000 0.000000 1.000000 0.235114 
0.000000 0.000000 0.000000 1.000000 
Color=White

Point
Id=244
Name=some_name
X=0
Y=0
Z=0
TMtx=
0.001257 -1.000004 0.000000 0.094494 
1.000004 0.001257 0.000000 0.275556 
0.000000 0.000000 1.000000 0.243425 
0.000000 0.000000 0.000000 1.000000 
Color=White

Point
Id=245
Name=some_name
X=0
Y=0
Z=0
TMtx=
0.001257 -1.000004 0.000000 0.094182 
1.000004 0.001257 0.000000 0.522776 
0.000000 0.000000 1.000000 0.265424 
0.000000 0.000000 0.000000 1.000000 
Color=White

Point
Id=246
Name=some_name
X=0
Y=0
Z=0
TMtx=
0.001257 -1.000004 0.000000 0.093930 
1.000004 0.001257 0.000000 0.722778 
0.000000 0.000000 1.000000 0.235114 
0.000000 0.000000 0.000000 1.000000 
Color=White

Point
Id=247
Name=some_name
X=0
Y=0
Z=0
TMtx=
0.001257 -1.000004 0.000000 0.093837 
1.000004 0.001257 0.000000 0.799184 
0.000000 0.000000 1.000000 0.000000 
0.000000 0.000000 0.000000 1.000000 
Color=White

Point
Id=248
Name=some_name
X=0
Y=0
Z=0
TMtx=
0.001257 -1.000004 0.000000 0.093930 
1.000004 0.001257 0.000000 0.722778 
0.000000 0.000000 1.000000 -0.235114 
0.000000 0.000000 0.000000 1.000000 
Color=White

Point
Id=249
Name=some_name
X=0
Y=0
Z=0
TMtx=
0.001257 -1.000004 0.000000 0.094182 
1.000004 0.001257 0.000000 0.522776 
0.000000 0.000000 1.000000 -0.265424 
0.000000 0.000000 0.000000 1.000000 
Color=White

Point
Id=250
Name=some_name
X=0
Y=0
Z=0
TMtx=
0.001257 -1.000004 0.000000 0.094494 
1.000004 0.001257 0.000000 0.275556 
0.000000 0.000000 1.000000 -0.243425 
0.000000 0.000000 0.000000 1.000000 
Color=White

Point
Id=251
Name=some_name
X=0
Y=0
Z=0
TMtx=
0.001257 -1.000004 0.000000 0.094743 
1.000004 0.001257 0.000000 0.189551 
0.000000 0.000000 1.000000 -0.235114 
0.000000 0.000000 0.000000 1.000000 
Color=White

Point
Id=252
Name=some_name
X=0
Y=0
Z=0
TMtx=
0.001257 -1.000004 0.000000 0.335175 
1.000004 0.001257 0.000000 0.087322 
0.000000 0.000000 1.000000 0.000000 
0.000000 0.000000 0.000000 1.000000 
Color=White

Point
Id=253
Name=some_name
X=0
Y=0
Z=0
TMtx=
0.001257 -1.000004 0.000000 0.331087 
1.000004 0.001257 0.000000 0.189710 
0.000000 0.000000 1.000000 0.235114 
0.000000 0.000000 0.000000 1.000000 
Color=White

Point
Id=254
Name=some_name
X=0
Y=0
Z=0
TMtx=
0.001257 -1.000004 0.000000 0.344817 
1.000004 0.001257 0.000000 0.275730 
0.000000 0.000000 1.000000 0.234425 
0.000000 0.000000 0.000000 1.000000 
Color=White

Point
Id=255
Name=some_name
X=0
Y=0
Z=0
TMtx=
0.001257 -1.000004 0.000000 0.354506 
1.000004 0.001257 0.000000 0.522937 
0.000000 0.000000 1.000000 0.270424 
0.000000 0.000000 0.000000 1.000000 
Color=White

Point
Id=256
Name=some_name
X=0
Y=0
Z=0
TMtx=
0.001257 -1.000004 0.000000 0.352274 
1.000004 0.001257 0.000000 0.722956 
0.000000 0.000000 1.000000 0.235114 
0.000000 0.000000 0.000000 1.000000 
Color=White

Point
Id=257
Name=some_name
X=0
Y=0
Z=0
TMtx=
0.001257 -1.000004 0.000000 0.357169 
1.000004 0.001257 0.000000 0.799343 
0.000000 0.000000 1.000000 0.000000 
0.000000 0.000000 0.000000 1.000000 
Color=White

Point
Id=258
Name=some_name
X=0
Y=0
Z=0
TMtx=
0.001257 -1.000004 0.000000 0.352274 
1.000004 0.001257 0.000000 0.722956 
0.000000 0.000000 1.000000 -0.235114 
0.000000 0.000000 0.000000 1.000000 
Color=White

Point
Id=259
Name=some_name
X=0
Y=0
Z=0
TMtx=
0.001257 -1.000004 0.000000 0.354506 
1.000004 0.001257 0.000000 0.522937 
0.000000 0.000000 1.000000 -0.270424 
0.000000 0.000000 0.000000 1.000000 
Color=White

Point
Id=260
Name=some_name
X=0
Y=0
Z=0
TMtx=
0.001257 -1.000004 0.000000 0.344817 
1.000004 0.001257 0.000000 0.275730 
0.000000 0.000000 1.000000 -0.234425 
0.000000 0.000000 0.000000 1.000000 
Color=White

Point
Id=261
Name=some_name
X=0
Y=0
Z=0
TMtx=
0.001257 -1.000004 0.000000 0.331087 
1.000004 0.001257 0.000000 0.189709 
0.000000 0.000000 1.000000 -0.235114 
0.000000 0.000000 0.000000 1.000000 
Color=White

Point
Id=262
Name=some_name
X=0
Y=0
Z=0
TMtx=
0.001257 -1.000004 0.000000 0.601494 
1.000004 0.001257 0.000000 0.149507 
0.000000 0.000000 1.000000 0.000000 
0.000000 0.000000 0.000000 1.000000 
Color=White

Point
Id=263
Name=some_name
X=0
Y=0
Z=0
TMtx=
0.001257 -1.000004 0.000000 0.603403 
1.000004 0.001257 0.000000 0.195897 
0.000000 0.000000 1.000000 0.235114 
0.000000 0.000000 0.000000 1.000000 
Color=White

Point
Id=264
Name=some_name
X=0
Y=0
Z=0
TMtx=
0.001257 -1.000004 0.000000 0.605178 
1.000004 0.001257 0.000000 0.275889 
0.000000 0.000000 1.000000 0.254425 
0.000000 0.000000 0.000000 1.000000 
Color=White

Point
Id=265
Name=some_name
X=0
Y=0
Z=0
TMtx=
0.001257 -1.000004 0.000000 0.607867 
1.000004 0.001257 0.000000 0.523114 
0.000000 0.000000 1.000000 0.260425 
0.000000 0.000000 0.000000 1.000000 
Color=White

Point
Id=266
Name=some_name
X=0
Y=0
Z=0
TMtx=
0.001257 -1.000004 0.000000 0.600589 
1.000004 0.001257 0.000000 0.723103 
0.000000 0.000000 1.000000 0.235114 
0.000000 0.000000 0.000000 1.000000 
Color=White

Point
Id=267
Name=some_name
X=0
Y=0
Z=0
TMtx=
0.001257 -1.000004 0.000000 0.595490 
1.000004 0.001257 0.000000 0.799492 
0.000000 0.000000 1.000000 0.000000 
0.000000 0.000000 0.000000 1.000000 
Color=White

Point
Id=268
Name=some_name
X=0
Y=0
Z=0
TMtx=
0.001257 -1.000004 0.000000 0.600589 
1.000004 0.001257 0.000000 0.723103 
0.000000 0.000000 1.000000 -0.235114 
0.000000 0.000000 0.000000 1.000000 
Color=White

Point
Id=269
Name=some_name
X=0
Y=0
Z=0
TMtx=
0.001257 -1.000004 0.000000 0.607867 
1.000004 0.001257 0.000000 0.523114 
0.000000 0.000000 1.000000 -0.260425 
0.000000 0.000000 0.000000 1.000000 
Color=White

Point
Id=270
Name=some_name
X=0
Y=0
Z=0
TMtx=
0.001257 -1.000004 0.000000 0.605178 
1.000004 0.001257 0.000000 0.275889 
0.000000 0.000000 1.000000 -0.254425 
0.000000 0.000000 0.000000 1.000000 
Color=White

Point
Id=271
Name=some_name
X=0
Y=0
Z=0
TMtx=
0.001257 -1.000004 0.000000 0.603403 
1.000004 0.001257 0.000000 0.195897 
0.000000 0.000000 1.000000 -0.235114 
0.000000 0.000000 0.000000 1.000000 
Color=White

Point
Id=272
Name=some_name
X=0
Y=0
Z=0
TMtx=
0.001257 -1.000004 0.000000 0.855837 
1.000004 0.001257 0.000000 0.195662 
0.000000 0.000000 1.000000 0.000000 
0.000000 0.000000 0.000000 1.000000 
Color=White

Point
Id=273
Name=some_name
X=0
Y=0
Z=0
TMtx=
0.001257 -1.000004 0.000000 0.855734 
1.000004 0.001257 0.000000 0.122064 
0.000000 0.000000 1.000000 0.399112 
0.000000 0.000000 0.000000 1.000000 
Color=White

Point
Id=274
Name=some_name
X=0
Y=0
Z=0
TMtx=
0.001257 -1.000004 0.000000 0.851474 
1.000004 0.001257 0.000000 0.281066 
0.000000 0.000000 1.000000 0.245425 
0.000000 0.000000 0.000000 1.000000 
Color=White

Point
Id=275
Name=some_name
X=0
Y=0
Z=0
TMtx=
0.001257 -1.000004 0.000000 0.871162 
1.000004 0.001257 0.000000 0.523272 
0.000000 0.000000 1.000000 0.399423 
0.000000 0.000000 0.000000 1.000000 
Color=White

Point
Id=276
Name=some_name
X=0
Y=0
Z=0
TMtx=
0.001257 -1.000004 0.000000 0.901920 
1.000004 0.001257 0.000000 0.723272 
0.000000 0.000000 1.000000 0.244114 
0.000000 0.000000 0.000000 1.000000 
Color=White

Point
Id=277
Name=some_name
X=0
Y=0
Z=0
TMtx=
0.001257 -1.000004 0.000000 0.908832 
1.000004 0.001257 0.000000 0.799672 
0.000000 0.000000 1.000000 0.000000 
0.000000 0.000000 0.000000 1.000000 
Color=White

Point
Id=278
Name=some_name
X=0
Y=0
Z=0
TMtx=
0.001257 -1.000004 0.000000 0.901920 
1.000004 0.001257 0.000000 0.723272 
0.000000 0.000000 1.000000 -0.244114 
0.000000 0.000000 0.000000 1.000000 
Color=White

Point
Id=279
Name=some_name
X=0
Y=0
Z=0
TMtx=
0.001257 -1.000004 0.000000 0.871162 
1.000004 0.001257 0.000000 0.523272 
0.000000 0.000000 1.000000 -0.399423 
0.000000 0.000000 0.000000 1.000000 
Color=White

Point
Id=280
Name=some_name
X=0
Y=0
Z=0
TMtx=
0.001257 -1.000004 0.000000 0.851474 
1.000004 0.001257 0.000000 0.281066 
0.000000 0.000000 1.000000 -0.245425 
0.000000 0.000000 0.000000 1.000000 
Color=White

Point
Id=281
Name=some_name
X=0
Y=0
Z=0
TMtx=
0.001257 -1.000004 0.000000 0.855734 
1.000004 0.001257 0.000000 0.121064 
0.000000 0.000000 1.000000 -0.399112 
0.000000 0.000000 0.000000 1.000000 
Color=White

Point
Id=282
Name=some_name
X=0
Y=0
Z=0
TMtx=
0.001257 -1.000004 0.000000 1.022206 
1.000004 0.001257 0.000000 0.408809 
0.000000 0.000000 1.000000 0.017000 
0.000000 0.000000 0.000000 1.000000 
Color=White

Point
Id=283
Name=some_name
X=0
Y=0
Z=0
TMtx=
0.001257 -1.000004 0.000000 1.025101 
1.000004 0.001257 0.000000 0.421214 
0.000000 0.000000 1.000000 0.010114 
0.000000 0.000000 0.000000 1.000000 
Color=White

Point
Id=284
Name=some_name
X=0
Y=0
Z=0
TMtx=
0.001257 -1.000004 0.000000 1.021832 
1.000004 0.001257 0.000000 0.415227 
0.000000 0.000000 1.000000 0.002424 
0.000000 0.000000 0.000000 1.000000 
Color=White

Point
Id=285
Name=some_name
X=0
Y=0
Z=0
TMtx=
0.001257 -1.000004 0.000000 1.029522 
1.000004 0.001257 0.000000 0.414445 
0.000000 0.000000 1.000000 0.011424 
0.000000 0.000000 0.000000 1.000000 
Color=White

Point
Id=286
Name=some_name
X=0
Y=0
Z=0
TMtx=
0.001257 -1.000004 0.000000 1.031287 
1.000004 0.001257 0.000000 0.422458 
0.000000 0.000000 1.000000 0.003114 
0.000000 0.000000 0.000000 1.000000 
Color=White

Point
Id=287
Name=some_name
X=0
Y=0
Z=0
TMtx=
0.001257 -1.000004 0.000000 1.030202 
1.000004 0.001257 0.000000 0.413862 
0.000000 0.000000 1.000000 -0.003000 
0.000000 0.000000 0.000000 1.000000 
Color=White

Point
Id=288
Name=some_name
X=0
Y=0
Z=0
TMtx=
0.001257 -1.000004 0.000000 1.029287 
1.000004 0.001257 0.000000 0.403459 
0.000000 0.000000 1.000000 0.013886 
0.000000 0.000000 0.000000 1.000000 
Color=White

Point
Id=289
Name=some_name
X=0
Y=0
Z=0
TMtx=
0.001257 -1.000004 0.000000 1.029522 
1.000004 0.001257 0.000000 0.412445 
0.000000 0.000000 1.000000 0.003576 
0.000000 0.000000 0.000000 1.000000 
Color=White

Point
Id=290
Name=some_name
X=0
Y=0
Z=0
TMtx=
0.001257 -1.000004 0.000000 1.027831 
1.000004 0.001257 0.000000 0.412227 
0.000000 0.000000 1.000000 0.006576 
0.000000 0.000000 0.000000 1.000000 
Color=White

Point
Id=291
Name=some_name
X=0
Y=0
Z=0
TMtx=
0.001257 -1.000004 0.000000 1.026100 
1.000004 0.001257 0.000000 0.406214 
0.000000 0.000000 1.000000 0.009886 
0.000000 0.000000 0.000000 1.000000 
Color=White

Point
Id=292
Name=some_name
X=0
Y=0
Z=0
TMtx=
0.001257 -1.000004 0.000000 1.024524 
1.000004 0.001257 0.000000 0.416990 
0.000000 0.000000 1.000000 0.000000 
0.000000 0.000000 0.000000 1.000000 
Color=White

Point
Id=293
Name=some_name
X=0
Y=0
Z=0
TMtx=
0.001257 -1.000004 0.000000 1.033436 
1.000004 0.001257 0.000000 0.406384 
0.000000 0.000000 1.000000 0.017114 
0.000000 0.000000 0.000000 1.000000 
Color=White

Point
Id=294
Name=some_name
X=0
Y=0
Z=0
TMtx=
0.001257 -1.000004 0.000000 1.025214 
1.000004 0.001257 0.000000 0.410389 
0.000000 0.000000 1.000000 0.016424 
0.000000 0.000000 0.000000 1.000000 
Color=White

Point
Id=295
Name=some_name
X=0
Y=0
Z=0
TMtx=
0.001257 -1.000004 0.000000 1.019901 
1.000004 0.001257 0.000000 0.412619 
0.000000 0.000000 1.000000 0.008424 
0.000000 0.000000 0.000000 1.000000 
Color=White

Point
Id=296
Name=some_name
X=0
Y=0
Z=0
TMtx=
0.001257 -1.000004 0.000000 1.014621 
1.000004 0.001257 0.000000 0.405622 
0.000000 0.000000 1.000000 0.016114 
0.000000 0.000000 0.000000 1.000000 
Color=White

Point
Id=297
Name=some_name
X=0
Y=0
Z=0
TMtx=
0.001257 -1.000004 0.000000 1.020519 
1.000004 0.001257 0.000000 0.415017 
0.000000 0.000000 1.000000 0.000000 
0.000000 0.000000 0.000000 1.000000 
Color=White

Point
Id=298
Name=some_name
X=0
Y=0
Z=0
TMtx=
0.001257 -1.000004 0.000000 1.026622 
1.000004 0.001257 0.000000 0.412622 
0.000000 0.000000 1.000000 -0.005114 
0.000000 0.000000 0.000000 1.000000 
Color=White

Point
Id=299
Name=some_name
X=0
Y=0
Z=0
TMtx=
0.001257 -1.000004 0.000000 1.028901 
1.000004 0.001257 0.000000 0.414619 
0.000000 0.000000 1.000000 -0.004424 
0.000000 0.000000 0.000000 1.000000 
Color=White

Point
Id=300
Name=some_name
X=0
Y=0
Z=0
TMtx=
0.001257 -1.000004 0.000000 1.024214 
1.000004 0.001257 0.000000 0.417388 
0.000000 0.000000 1.000000 -0.001424 
0.000000 0.000000 0.000000 1.000000 
Color=White

Point
Id=301
Name=some_name
X=0
Y=0
Z=0
TMtx=
0.001257 -1.000004 0.000000 1.016436 
1.000004 0.001257 0.000000 0.421384 
0.000000 0.000000 1.000000 0.005886 
0.000000 0.000000 0.000000 1.000000 
Color=White

Point
Id=403
Name=some_name
X=0
Y=0
Z=0
TMtx=
0.990552 0.137169 0.000000 0.735639 
-0.137169 0.990552 0.000000 -0.771611 
0.000000 0.000000 1.000000 0.005000 
0.000000 0.000000 0.000000 1.000000 
Color=White

Point
Id=404
Name=some_name
X=0
Y=0
Z=0
TMtx=
0.990552 0.137169 0.000000 0.740638 
-0.137169 0.990552 0.000000 -0.767938 
0.000000 0.000000 1.000000 0.002211 
0.000000 0.000000 0.000000 1.000000 
Color=White

Point
Id=405
Name=some_name
X=0
Y=0
Z=0
TMtx=
0.990552 0.137169 0.000000 0.736547 
-0.137169 0.990552 0.000000 -0.767398 
0.000000 0.000000 1.000000 0.002557 
0.000000 0.000000 0.000000 1.000000 
Color=White

Point
Id=406
Name=some_name
X=0
Y=0
Z=0
TMtx=
0.990552 0.137169 0.000000 0.743003 
-0.137169 0.990552 0.000000 -0.768539 
0.000000 0.000000 1.000000 0.011443 
0.000000 0.000000 0.000000 1.000000 
Color=White

Point
Id=407
Name=some_name
X=0
Y=0
Z=0
TMtx=
0.990552 0.137169 0.000000 0.745149 
-0.137169 0.990552 0.000000 -0.786351 
0.000000 0.000000 1.000000 0.017789 
0.000000 0.000000 0.000000 1.000000 
Color=White

Point
Id=408
Name=some_name
X=0
Y=0
Z=0
TMtx=
0.990552 0.137169 0.000000 0.737667 
-0.137169 0.990552 0.000000 -0.775338 
0.000000 0.000000 1.000000 0.000000 
0.000000 0.000000 0.000000 1.000000 
Color=White

Point
Id=409
Name=some_name
X=0
Y=0
Z=0
TMtx=
0.990552 0.137169 0.000000 0.737537 
-0.137169 0.990552 0.000000 -0.767326 
0.000000 0.000000 1.000000 0.008211 
0.000000 0.000000 0.000000 1.000000 
Color=White

Point
Id=410
Name=some_name
X=0
Y=0
Z=0
TMtx=
0.990552 0.137169 0.000000 0.733320 
-0.137169 0.990552 0.000000 -0.771969 
0.000000 0.000000 1.000000 -0.000443 
0.000000 0.000000 0.000000 1.000000 
Color=White

Point
Id=411
Name=some_name
X=0
Y=0
Z=0
TMtx=
0.990552 0.137169 0.000000 0.737862 
-0.137169 0.990552 0.000000 -0.766311 
0.000000 0.000000 1.000000 0.008443 
0.000000 0.000000 0.000000 1.000000 
Color=White

Point
Id=412
Name=some_name
X=0
Y=0
Z=0
TMtx=
0.990552 0.137169 0.000000 0.745396 
-0.137169 0.990552 0.000000 -0.765268 
0.000000 0.000000 1.000000 -0.006211 
0.000000 0.000000 0.000000 1.000000 
Color=White

Point
Id=413
Name=some_name
X=0
Y=0
Z=0
TMtx=
0.990552 0.137169 0.000000 0.920133 
-0.137169 0.990552 0.000000 -0.396859 
0.000000 0.000000 1.000000 0.000000 
0.000000 0.000000 0.000000 1.000000 
Color=White

Point
Id=414
Name=some_name
X=0
Y=0
Z=0
TMtx=
0.990552 0.137169 0.000000 0.783257 
-0.137169 0.990552 0.000000 -0.537812 
0.000000 0.000000 1.000000 0.190211 
0.000000 0.000000 0.000000 1.000000 
Color=White

Point
Id=415
Name=some_name
X=0
Y=0
Z=0
TMtx=
0.990552 0.137169 0.000000 0.395755 
-0.137169 0.990552 0.000000 -0.557484 
0.000000 0.000000 1.000000 0.117557 
0.000000 0.000000 0.000000 1.000000 
Color=White

Point
Id=416
Name=some_name
X=0
Y=0
Z=0
TMtx=
0.990552 0.137169 0.000000 0.395755 
-0.137169 0.990552 0.000000 -0.557484 
0.000000 0.000000 1.000000 -0.117557 
0.000000 0.000000 0.000000 1.000000 
Color=White

Point
Id=417
Name=some_name
X=0
Y=0
Z=0
TMtx=
0.990552 0.137169 0.000000 0.783257 
-0.137169 0.990552 0.000000 -0.537812 
0.000000 0.000000 1.000000 -0.190211 
0.000000 0.000000 0.000000 1.000000 
Color=White

Point
Id=418
Name=some_name
X=0
Y=0
Z=0
TMtx=
0.990552 0.137169 0.000000 0.900537 
-0.137169 0.990552 0.000000 -0.249354 
0.000000 0.000000 1.000000 0.000000 
0.000000 0.000000 0.000000 1.000000 
Color=White

Point
Id=419
Name=some_name
X=0
Y=0
Z=0
TMtx=
0.990552 0.137169 0.000000 0.763661 
-0.137169 0.990552 0.000000 -0.270308 
0.000000 0.000000 1.000000 0.190211 
0.000000 0.000000 0.000000 1.000000 
Color=White

Point
Id=420
Name=some_name
X=0
Y=0
Z=0
TMtx=
0.990552 0.137169 0.000000 0.628155 
-0.137169 0.990552 0.000000 -0.437977 
0.000000 0.000000 1.000000 0.117557 
0.000000 0.000000 0.000000 1.000000 
Color=White

Point
Id=421
Name=some_name
X=0
Y=0
Z=0
TMtx=
0.990552 0.137169 0.000000 0.628155 
-0.137169 0.990552 0.000000 -0.437977 
0.000000 0.000000 1.000000 -0.117557 
0.000000 0.000000 0.000000 1.000000 
Color=White

Point
Id=422
Name=some_name
X=0
Y=0
Z=0
TMtx=
0.990552 0.137169 0.000000 0.763661 
-0.137169 0.990552 0.000000 -0.270308 
0.000000 0.000000 1.000000 -0.190211 
0.000000 0.000000 0.000000 1.000000 
Color=White

Point
Id=423
Name=some_name
X=0
Y=0
Z=0
TMtx=
0.990552 0.137169 0.000000 0.880941 
-0.137169 0.990552 0.000000 -0.077846 
0.000000 0.000000 1.000000 0.000000 
0.000000 0.000000 0.000000 1.000000 
Color=White

Point
Id=424
Name=some_name
X=0
Y=0
Z=0
TMtx=
0.990552 0.137169 0.000000 0.744065 
-0.137169 0.990552 0.000000 -0.096801 
0.000000 0.000000 1.000000 0.190211 
0.000000 0.000000 0.000000 1.000000 
Color=White

Point
Id=425
Name=some_name
X=0
Y=0
Z=0
TMtx=
0.990552 0.137169 0.000000 0.491558 
-0.137169 0.990552 0.000000 -0.127474 
0.000000 0.000000 1.000000 0.117557 
0.000000 0.000000 0.000000 1.000000 
Color=White

Point
Id=426
Name=some_name
X=0
Y=0
Z=0
TMtx=
0.990552 0.137169 0.000000 0.491558 
-0.137169 0.990552 0.000000 -0.127474 
0.000000 0.000000 1.000000 -0.117557 
0.000000 0.000000 0.000000 1.000000 
Color=White

Point
Id=427
Name=some_name
X=0
Y=0
Z=0
TMtx=
0.990552 0.137169 0.000000 0.744065 
-0.137169 0.990552 0.000000 -0.096801 
0.000000 0.000000 1.000000 -0.190211 
0.000000 0.000000 0.000000 1.000000 
Color=White

Point
Id=428
Name=some_name
X=0
Y=0
Z=0
TMtx=
0.990552 0.137169 0.000000 0.861346 
-0.137169 0.990552 0.000000 0.063661 
0.000000 0.000000 1.000000 0.000000 
0.000000 0.000000 0.000000 1.000000 
Color=White

Point
Id=429
Name=some_name
X=0
Y=0
Z=0
TMtx=
0.990552 0.137169 0.000000 0.724470 
-0.137169 0.990552 0.000000 0.044706 
0.000000 0.000000 1.000000 0.190211 
0.000000 0.000000 0.000000 1.000000 
Color=White

Point
Id=430
Name=some_name
X=0
Y=0
Z=0
TMtx=
0.990552 0.137169 0.000000 0.408964 
-0.137169 0.990552 0.000000 0.014033 
0.000000 0.000000 1.000000 0.117557 
0.000000 0.000000 0.000000 1.000000 
Color=White

Point
Id=431
Name=some_name
X=0
Y=0
Z=0
TMtx=
0.990552 0.137169 0.000000 0.408964 
-0.137169 0.990552 0.000000 0.014033 
0.000000 0.000000 1.000000 -0.117557 
0.000000 0.000000 0.000000 1.000000 
Color=White

Point
Id=432
Name=some_name
X=0
Y=0
Z=0
TMtx=
0.990552 0.137169 0.000000 0.724470 
-0.137169 0.990552 0.000000 0.044706 
0.000000 0.000000 1.000000 -0.190211 
0.000000 0.000000 0.000000 1.000000 
Color=White

Point
Id=433
Name=some_name
X=0
Y=0
Z=0
TMtx=
0.990552 0.137169 0.000000 0.841750 
-0.137169 0.990552 0.000000 0.205169 
0.000000 0.000000 1.000000 0.000000 
0.000000 0.000000 0.000000 1.000000 
Color=White

Point
Id=434
Name=some_name
X=0
Y=0
Z=0
TMtx=
0.990552 0.137169 0.000000 0.706246 
-0.137169 0.990552 0.000000 0.176309 
0.000000 0.000000 1.000000 0.190211 
0.000000 0.000000 0.000000 1.000000 
Color=White

Point
Id=435
Name=some_name
X=0
Y=0
Z=0
TMtx=
0.990552 0.137169 0.000000 0.529370 
-0.137169 0.990552 0.000000 0.181541 
0.000000 0.000000 1.000000 0.117557 
0.000000 0.000000 0.000000 1.000000 
Color=White

Point
Id=436
Name=some_name
X=0
Y=0
Z=0
TMtx=
0.990552 0.137169 0.000000 0.529370 
-0.137169 0.990552 0.000000 0.155541 
0.000000 0.000000 1.000000 -0.117557 
0.000000 0.000000 0.000000 1.000000 
Color=White

Point
Id=437
Name=some_name
X=0
Y=0
Z=0
TMtx=
0.990552 0.137169 0.000000 0.706246 
-0.137169 0.990552 0.000000 0.176309 
0.000000 0.000000 1.000000 -0.190211 
0.000000 0.000000 0.000000 1.000000 
Color=White

Point
Id=438
Name=some_name
X=0
Y=0
Z=0
TMtx=
0.990552 0.137169 0.000000 0.822156 
-0.137169 0.990552 0.000000 0.346678 
0.000000 0.000000 1.000000 0.000000 
0.000000 0.000000 0.000000 1.000000 
Color=White

Point
Id=439
Name=some_name
X=0
Y=0
Z=0
TMtx=
0.990552 0.137169 0.000000 0.685278 
-0.137169 0.990552 0.000000 0.327724 
0.000000 0.000000 1.000000 0.190211 
0.000000 0.000000 0.000000 1.000000 
Color=White

Point
Id=440
Name=some_name
X=0
Y=0
Z=0
TMtx=
0.990552 0.137169 0.000000 0.463776 
-0.137169 0.990552 0.000000 0.297050 
0.000000 0.000000 1.000000 0.117557 
0.000000 0.000000 0.000000 1.000000 
Color=White

Point
Id=441
Name=some_name
X=0
Y=0
Z=0
TMtx=
0.990552 0.137169 0.000000 0.463776 
-0.137169 0.990552 0.000000 0.297050 
0.000000 0.000000 1.000000 -0.117557 
0.000000 0.000000 0.000000 1.000000 
Color=White

Point
Id=442
Name=some_name
X=0
Y=0
Z=0
TMtx=
0.990552 0.137169 0.000000 0.685278 
-0.137169 0.990552 0.000000 0.327724 
0.000000 0.000000 1.000000 -0.190211 
0.000000 0.000000 0.000000 1.000000 
Color=White

BezierSurfaceC2
Id=171
Name=some_name
Width=0.400000
Height=1.600000
PatchesXCount=10
PatchesYCount=10
Cylindrical=True
X=0
Y=0
Z=0
TMtx=
1.000000 0.000000 0.000000 0.000000 
0.000000 1.000000 0.000000 0.000000 
0.000000 0.000000 1.000000 0.000000 
0.000000 0.000000 0.000000 1.000000 
Color=White
CP=172
CP=173
CP=174
CP=175
CP=176
CP=177
CP=178
CP=179
CP=180
CP=181
CP=182
CP=183
CP=184
CP=185
CP=186
CP=187
CP=188
CP=189
CP=190
CP=191
CP=192
CP=193
CP=194
CP=195
CP=196
CP=197
CP=198
CP=199
CP=200
CP=201
CP=202
CP=203
CP=204
CP=205
CP=206
CP=207
CP=208
CP=209
CP=210
CP=211
CP=212
CP=213
CP=214
CP=215
CP=216
CP=217
CP=218
CP=219
CP=220
CP=221
CP=222
CP=223
CP=224
CP=225
CP=226
CP=227
CP=228
CP=229
CP=230
CP=231
CP=232
CP=233
CP=234
CP=235
CP=236
CP=237
CP=238
CP=239
CP=240
CP=241
CP=242
CP=243
CP=244
CP=245
CP=246
CP=247
CP=248
CP=249
CP=250
CP=251
CP=252
CP=253
CP=254
CP=255
CP=256
CP=257
CP=258
CP=259
CP=260
CP=261
CP=262
CP=263
CP=264
CP=265
CP=266
CP=267
CP=268
CP=269
CP=270
CP=271
CP=272
CP=273
CP=274
CP=275
CP=276
CP=277
CP=278
CP=279
CP=280
CP=281
CP=282
CP=283
CP=284
CP=285
CP=286
CP=287
CP=288
CP=289
CP=290
CP=291
CP=292
CP=293
CP=294
CP=295
CP=296
CP=297
CP=298
CP=299
CP=300
CP=301

BezierSurfaceC2
Id=402
Name=some_name
Width=0.200000
Height=1.000000
PatchesXCount=5
PatchesYCount=5
Cylindrical=True
X=0
Y=0
Z=0
TMtx=
1.000000 0.000000 0.000000 0.000000 
0.000000 1.000000 0.000000 0.000000 
0.000000 0.000000 1.000000 0.000000 
0.000000 0.000000 0.000000 1.000000 
Color=White
CP=403
CP=404
CP=405
CP=406
CP=407
CP=408
CP=409
CP=410
CP=411
CP=412
CP=413
CP=414
CP=415
CP=416
CP=417
CP=418
CP=419
CP=420
CP=421
CP=422
CP=423
CP=424
CP=425
CP=426
CP=427
CP=428
CP=429
CP=430
CP=431
CP=432
CP=433
CP=434
CP=435
CP=436
CP=437
CP=438
CP=439
CP=440
CP=441
CP=442

